29
-0.165955990594852 3.05963502613 1.04579981119 -0.279530971862 0.535689384058 -0.975207328691 -3.84183548874 -0.217900090734 3.43132127002 0.302825988599
0.4406489868843162 -1.87533760645 0.305965776995 -0.251551779576 0.539501792896 1.07755127691 -0.494616612427 -0.642248730972 0.341435669093 0.550229093798
-0.9997712503653102 -0.457564632557 1.27957152848 -0.438364566615 -3.73586811926 -0.551092351611 -0.222383485465 -0.731557321888 0.0256348796732 -0.204609392793
-0.39533485473632046 -0.346978442769 -0.68421122768 -0.241666530787 0.55547602633 0.582041922516 -0.787513077551 -0.409503050124 -3.58642519397 0.522878617106
-0.7064882183657739 -1.12879891094 0.515961846187 -0.442788666791 0.822470736944 -0.448668985564 -0.0353900524125 -0.710153943589 0.539972206925 0.345808477413
-0.8153228104624044 -0.621232452527 0.479397489766 -0.204448507434 0.690559610277 -2.05476445633 -0.23438299057 -0.623548549125 0.502673305831 0.924287903339
-0.6274795772446582 -0.573715527177 -1.50173447745 -0.263877381571 0.59791978422 0.468059824048 2.8538999946 4.00161723252 1.30335545032 0.428949987894
-0.3088785459139045 -0.815467949365 -0.59576767636 4.52730063143 0.566365167218 0.226916452803 -0.329912949719 -1.71188798961 0.706093345794 0.835968646679
-0.20646505153866013 -0.693766250925 -0.690353072459 -3.50299953042 0.372245579343 0.0442896725754 -0.271705884677 -0.853699622029 0.579509353748 -4.54828475074

0.00942048206252 -0.682821387558 -0.514390021815 -1.79112338039 -0.404534119607 -1.10080086161 -1.05347941133 -0.430390208991 1.45466543904 0.277907761148
-0.618372753433 -0.17434394498 -0.825220388685 -1.24966513277 0.582154887933 -1.11207855383 0.663474051126 -0.106500102109 1.09969562364 -0.692238945898
0.722602754211 -0.493586155794 1.01341903314 -1.77022875417 -0.634904383366 -1.20323383368 -0.164891945121 -0.98390619856 1.43766186996 0.613447373443
0.507195596246 -1.43976258333 1.19807481421 -0.229308317938 -1.75566281009 -1.21034961308 -1.13352476791 -0.00550462893404 0.286742552425 -0.803913235637
-0.703604059906 1.18277782431 -0.755897563952 1.05055393852 0.874556854057 -0.645598107038 -0.125473360468 -0.0696030255499 -0.344692375539 -0.583004212608
0.315293470291 0.0990631139416 0.480373691883 -0.457726686847 -0.960195915313 -1.6157205641 0.0389521861428 -0.833219467819 1.26995461272 0.573308793044
0.116104366252 -1.16813727631 1.12464010451 -0.372122697248 -0.124146399432 -1.15737189562 -0.945111869246 -0.99106801806 1.08655710603 -0.540415193135
0.484928149848 1.43184193902 0.30767018346 1.15595171755 0.332551756168 1.54441712211 0.482613883332 0.543519152089 -1.45256083052 -0.0894551871144
0.235691284244 0.886470434504 0.303195895317 0.235758098704 1.68712020997 1.32501125509 1.34748097825 1.07768079952 -1.74709107379 -0.246526750317

0.256726089121 0.0951173915708 0.285951126204 -1.32829527255 -1.31378078304 -1.01021840081 -1.09852032447 -1.97543830964 0.141403720918 -0.430193242312
0.685252514422 -1.93009265781 -1.39763857161 0.136086495291 -0.581106334558 -0.414210405498 -0.0848518780749 -0.139441041616 -0.687502070836 -0.958275145401
-0.160424931359 0.866301865808 0.813709607537 -1.7400387814 -0.969271171463 -0.115983018762 -0.284132651987 -0.634048488134 0.826716204833 0.255230178933
-0.474192105868 1.0340299768 0.149650194029 -1.73692480626 0.0286259208316 -1.15804107564 -1.05263397755 0.369720592736 0.262206409174 -0.250069523657
1.09329999038 1.76381479348 -0.207020133668 -1.83654770384 -0.834485921594 -0.97283025173 0.00738233232379 -0.412768021658 1.00156988354 0.945425793327
-1.0444525432 1.5534768671 0.0410815609409 -0.780361200677 0.386116559827 -0.523226401935 -0.0918175487988 0.229741175264 -0.230952862436 0.308797016308
1.43987042614 -0.48001106312 -0.431555973838 -1.32636569923 -0.303844650564 -1.96581912997 -1.5767359784 -0.796617870654 -0.0642052956844 -0.884551064838
-0.116700150149 -2.00135752779 -1.22497382416 0.938470615483 0.72763126753 0.289272237937 -0.436903888967 -0.280919006717 -1.56119755433 -0.670411875268
-0.494788762253 -0.104720662722 0.311899425208 -0.117258496192 0.431802626159 -0.318548569233 0.00379729872327 -0.824930092851 -0.838153852909 -0.495932088979

0.0385639507424 0.990320204643
-0.677247886741 0.577039262466
-0.205059654804 -1.48047917394
-1.43674064372 -0.705079016807
0.00607337542031 -1.01601777569
-0.382317091239 -0.475797627498
-0.459835126137 -0.522448724659
-1.28945099717 0.922942162566
-0.792848536594 0.41409380193

0.0738547150382

