29
-0.165955990594852 -0.442120146939 0.371081291273 0.100155922927 0.65889252439 -1.3118306675 -0.927476683069 0.123354236552 0.719912028619 -3.61250857025 0.334288779518 -0.547920264043 -0.959772969203 0.757644514215 0.188135170224 -0.652708803127 -0.507742137126 0.324139129145 0.0805005960962 -0.273498241736 0.903979002246 0.0592998133494 0.557563065001 0.36757340469 0.532693692231 -3.1769005415 0.529148968754 -0.0128039156252 0.747176840754 -0.821866101 1.46942866488 -0.452705992609 -0.595068915734 -0.286773088498 0.735547984882 0.29265597222 -0.117917136204
0.4406489868843162 0.640402975445 0.182673961311 0.124819539173 0.572250223466 0.391386218899 -0.124980901683 -0.139201686396 0.212097803028 0.806024265025 0.0212938381201 -0.963768445631 -1.15029970509 0.310315997036 -0.709939037 0.815869719596 -0.495409605505 0.852909105102 -0.888002368506 -0.819173129366 0.113995131523 0.575659441415 0.500555969775 0.409308346376 0.700248144057 0.669618192174 0.723423819793 0.203244999987 0.806378331159 -0.797231211399 0.568712960738 3.53348355416 0.555412373964 0.681315420399 0.901598787203 0.154542685107 -1.08303444436
-0.9997712503653102 -0.275906294873 -0.737088426956 0.27352895165 -0.0391631136414 -0.476302713095 0.0243514330214 -0.365985270098 0.525282527785 0.745717422613 1.04630745649 0.677712957204 -1.14534250504 0.772173379212 -0.856273924497 0.270421814643 -0.117740470828 0.0499866934656 0.754746575674 0.0517525291991 0.836776639771 -0.458976443974 -3.66321065601 0.22077595421 0.406203197389 0.655121389259 0.512435439324 -0.0414052772795 0.324581426064 -0.712225355774 0.248031539306 -0.703110156592 0.261312922704 -0.155526065693 0.654237912421 -0.961146720814 0.625824503599
-0.39533485473632046 0.74279324958 -0.264380350473 0.0248539220614 0.94906767529 -0.270931762435 0.00838038340945 -0.154603837126 -0.247609900368 -0.515978573112 0.269285194774 0.0822227642682 -0.244705530518 -3.12142863177 -0.740552555939 -0.490332288547 0.832780286358 -0.156314521502 -0.52029148558 0.83707976848 0.285150486519 -1.11154114542 0.516738823761 0.186262911024 0.777808946594 0.997441032171 0.427269127202 -1.26047322243 -0.454788999205 -0.603094274794 -0.382066124527 -0.225469758808 -0.971958123021 -0.953446217092 0.707123053989 -0.63041394543 0.552933119209
-0.7064882183657739 -0.775050424153 0.337719812907 0.150556020943 -1.12579805712 0.0299652846373 -0.672987048041 -0.280229101989 -0.426116122037 0.306115000612 0.796577985873 -0.932856282241 0.554235296652 0.523267988735 -0.896505329078 -0.622838320549 -0.629028589679 0.218715349901 -0.847303817551 1.25385041451 -0.216052206348 -0.537168842472 0.520653785493 0.36272686375 0.699999268423 0.795618115417 0.742960820212 1.44807939592 -0.493299591003 -0.743365414952 -0.439905211389 -0.272805537073 -1.00428998755 0.274767575966 -0.796925522469 0.452787660244 0.941167535049
-0.8153228104624044 0.0274219249957 0.783858928541 1.85849314813 0.542060064314 -0.991442866035 -0.357982106643 -0.273198464476 0.83753082831 0.288862135631 1.08948891617 0.872769135356 0.0830305827127 0.650662760254 -0.752348429945 1.01589809265 -0.361897117896 0.629962993293 0.185274987159 0.360890758902 -0.0327187940398 0.292372067948 0.387810968573 0.423656589098 0.12328241238 0.472734320091 -0.313419564152 0.138944225443 0.731800021611 -0.424228114681 0.18315399407 -0.322852839197 -0.295378179887 -0.478240980462 0.305958929799 0.248995523372 0.284733897009
-0.6274795772446582 -0.487843395634 -0.555473170062 0.343646749797 1.13383333821 0.0992699922137 -0.130766528568 2.41337075482 -0.0840827473268 0.407178168724 -1.82981998696 0.416240870954 -0.0809585707757 1.23260399488 -0.507522573071 -0.770925699133 -1.64099778393 0.306372906676 -0.591184079184 -0.743717975359 0.210454243925 -1.18811520291 0.606437202532 -3.52060080649 -2.90237378503 1.20556123035 0.342644337091 -0.529836135331 0.0912557790598 -0.358170254328 -0.2012549092 -0.427279710301 -0.862183126852 -0.386247830065 0.412086598373 0.291895303158 0.722965709943
-0.3088785459139045 -0.332126625772 -1.42838400476 0.175781872031 -0.800273734812 -0.584056123942 -0.466946718782 0.0477046207702 0.92018707196 0.377979072431 0.774074101706 0.907896705311 0.680258339806 0.59937922517 0.495249694726 0.550926106272 -0.00149521265342 -0.769664724554 0.587102591589 -0.597105479168 0.0981551257199 1.27622261139 0.661728460727 1.91586119525 0.297896445144 0.618515844058 -0.0772861020165 -0.584273870636 0.59066828178 -0.675181387524 -0.3275880563 -0.133114545417 0.539185667849 1.624700105 0.224195103086 -0.241464980213 0.423845409189
-0.20646505153866013 -1.14795551108 -1.25912686474 -3.1003846112 -0.0356499677196 0.324179191662 1.34114885138 0.306313295905 0.40551495219 0.121825454419 0.791896242642 0.236236653118 -0.753625926589 0.59369163081 0.166141043729 0.976989953687 0.162731917863 -1.39506455785 0.201123168411 0.315956666181 0.845282557654 0.126567676933 0.419323410116 0.561310035604 0.627997108522 0.677510248682 -0.181647309142 -0.604801448773 0.137169245668 3.01001969429 0.329680684483 -0.654118127365 0.316664830972 0.0562713819488 0.601714152495 0.563896364405 -0.197561998532

0.0483883292332 -0.243657661687 -0.43820179136 0.900426748176 0.753207005801 0.276329720034 -0.508043159659 0.545630568427 0.202675432903 0.592450082388 -0.16982986117 0.969793036655 -0.773419979209 0.581732603979 0.439836037151 0.262064274442 -0.102902635624 0.388360813079 0.377004638266
-0.694032442923 -0.871918514201 -0.840922646767 0.724346267066 0.261578622894 1.13717712164 -0.0572557293712 -0.544940324592 -0.383880056439 -0.667660182267 -0.0131446053225 -0.751845515121 -0.203509903809 -0.643460263216 0.272331346938 -0.329591915839 0.766470363474 0.819550811307 -0.449059810697
0.751752165854 -0.596694140187 -0.034153128723 0.993933747077 0.104301519896 1.1477213194 0.264213854975 -0.879465847036 0.23070814738 0.151542355872 -0.482585964593 -0.823074796866 -0.0331798664713 -0.403230727011 -0.572416433209 -0.536403133114 0.00727341502131 -0.97591832886 1.1690636318
0.532497234867 0.602446667091 -0.801358267178 0.693794391303 0.0987734961353 0.422630888634 0.475657179493 -0.630994489814 0.830037806891 -0.933039599088 0.768069522683 0.910705321824 -0.0245963773504 -0.66819324451 -0.0416712973571 -0.261941008552 -0.229752669834 -0.971053750613 0.47766354881
-0.735795434134 -0.967986428517 0.271913133172 -0.686421510346 0.176911806956 1.05499041333 -0.701209141959 -0.792716515981 -0.131470381586 0.666261172131 -0.130835033387 -1.00650235853 1.03351951274 0.45899898917 0.845955289188 -0.227187350505 -0.46333212634 -0.0612418837132 0.58999982169
0.372420726624 -0.366013954834 0.75364560759 -0.903128854053 -0.534079202272 0.871180884536 -0.955116697813 -0.3614255552 0.586884680311 0.0741016064595 -0.197209548268 0.786428467267 -0.179688876986 0.417943073513 0.695376544619 -0.106925712572 -0.868486175519 -0.388196519457 0.0446184663501
0.215448994405 0.669061708173 0.435378275471 -0.540880446407 -1.20447099623 0.786988975211 0.383343612894 -1.16550634175 -0.943236269213 -0.365822483476 0.278387820666 0.335672859725 1.22408832023 0.417988742232 0.194867374024 0.866895683759 -0.178435387684 0.741461301125 -0.15038856109
0.457682209701 0.399868105379 0.54354122268 0.094955257978 0.310616219167 -0.936598212124 0.588278804139 -0.667177753509 0.602569778305 0.523554402237 -0.540775158662 -0.00942193759451 0.164423164439 -0.447627184989 -0.723690609816 -0.361096914269 -0.958883341828 -0.178744556485 -0.891714528808
0.229223501043 0.423755677035 -0.295376827716 0.518960090819 0.128435518318 -1.81804731118 -1.765790305 0.953613045053 -0.776603723936 0.835006227547 0.182717423655 0.597288234036 -1.12043213152 0.439465268042 1.08893992952 0.462529532758 -0.43602661377 0.030822890544 -1.04274999019
0.283274868353 -0.612140284453 0.736313322587 0.637358397556 0.189646310652 -1.12112745169 0.137261135381 0.759229742481 -0.274739078017 1.03848348976 -0.308657240067 0.901098635484 0.753078500119 -0.514531547584 0.19847943427 0.00252471298648 0.0106409920156 0.655430857413 -0.913328856627
0.979395059608 -0.193321110555 -0.20269780097 0.22720413371 0.998380286664 -0.751781772702 0.473764830862 -0.810918540136 -0.414076344431 -0.386665694812 0.306627731743 0.39166208656 -0.00607619397434 -0.0866279190377 -0.000104458045637 0.669060810501 0.923544430233 -0.24632713803 0.468835547704
-0.765184985475 0.157737696714 0.651981160053 0.435137090264 -0.160195818791 -0.271082767924 -0.0716188749745 -0.563951920884 -0.862164744165 -1.02240344929 0.755231738065 -0.700732526024 -0.517254088001 -0.259257634234 -0.149703568774 -0.290475780191 -0.791253067957 0.743284433557 0.388051949919
-0.417632183083 0.694955271951 0.374757459498 1.00405646103 -0.733624740807 1.43959686042 1.11127803063 -0.969086325268 0.822232000997 0.0812160982329 -0.163020972749 0.21650043648 0.880314425388 -0.199202041425 -0.872268888907 -0.315785961493 0.289496659702 -0.678395777585 0.219205778589
0.503619625251 -0.592339836536 -0.714173896365 -0.200240758045 -0.256630223151 -0.6683642791 0.288384099732 0.837548329399 -0.259335693446 0.718568916094 0.568886503998 0.794310154196 -0.136938188593 -0.884501476789 0.700519935509 0.822023547624 1.83899414396e-05 -0.452341992161 0.533457690971
-0.947496596051 -0.586157025769 -0.79951435016 -0.678606267781 1.13297652354 1.20852741943 -1.12253477859 0.527686198702 0.156630585678 0.555406031522 0.130244964118 0.158597171579 -0.298262025177 0.33382482077 0.206473419702 -0.993923378771 0.584933908117 -0.416281242518 0.0809074662664
0.671434394026 -0.486213228796 -0.997010892294 -0.770280422409 0.90709086782 0.0997980223657 -0.0893131363951 0.344253164024 0.0355186032732 0.288607561217 0.315526065722 0.841858210841 -0.541265991687 0.424222465558 0.232263262155 0.862830741772 -0.704396521783 0.120728816274 -1.00356831891
0.135918779488 0.600301684231 -0.89874753887 -0.636356037825 1.02573693482 0.479983142892 0.10953382401 -0.246420945015 -0.920945388818 0.495982153322 -0.780122610868 0.165160986653 0.21911233415 0.214592952242 1.30632056104 0.11707292204 -0.854531113275 -0.631513809141 -0.932727664934
-0.265433582112 -0.213324611335 -0.177930140994 0.589416430363 0.971482722172 -0.107285572574 0.663098571218 0.807390998491 -0.502850523757 0.672244335447 -0.116513081903 0.26165834826 -0.539244195442 0.315300878184 -1.07979130491 -0.208819199542 -0.195966061535 0.300196679789 -0.87216994217
0.858040155466 -0.926176319997 -0.629030011591 -0.866823151383 -0.582493815463 0.333776714712 0.0828378264267 -0.187694177532 -0.846829697134 -0.44349527918 0.648415330334 0.223463519585 0.781952809903 -0.725515502992 0.910989060629 0.84547829372 0.594403459381 -0.760087320277 -0.253408109104
0.898169919984 0.0351227079446 -0.93714972172 -0.638837521651 -0.654744280354 -0.10819703224 0.292020818872 0.976786155181 -0.0615609532195 0.563499848362 0.22773072789 0.164288817141 -0.543667779639 -0.657588862532 -0.88905586904 -0.979145877054 -0.628474184879 -0.970760344222 -0.881681682587
0.833099362892 -0.579347297098 0.481042320062 0.308349742601 -0.229227429447 -1.31984211351 0.0187028919357 0.439044351626 -0.414383297053 0.539618387444 0.611229011965 -0.78254511971 -0.0267635100603 0.0593392576627 -0.623276759551 0.0175332545225 0.550211892946 0.703913834727 0.0907621558275
-0.985816016109 0.649338115588 -0.50430410019 -1.54387469062 0.195695777856 -1.18389228355 -0.487862198578 0.703993924021 -0.30029433016 1.03078465177 0.150154857263 2.13303883592 -1.00205398293 0.768531291235 0.29378092083 -1.13362237129 -0.392362459068 -0.649368738804 -0.0108411187659
0.851942018475 -0.394470785633 0.576095389742 1.15652872597 -0.436363715448 0.868223450774 0.196674365873 -1.11344896574 -0.651387769037 -0.568700335788 -0.0438294585415 -0.856029624773 1.04742299497 -0.619988895471 -0.752501888917 0.176076780948 -0.53203110943 -0.277147089302 0.187117533963
0.648540201482 -1.05021119229 0.124776221907 -0.0962767336699 0.0674260873229 1.99148072397 0.645429476041 0.153935446279 0.595890834938 -0.347066069961 0.701461682713 -1.41986900016 1.4491837432 -0.0938647217497 -0.156435353635 -0.539097905149 -0.972728548023 0.00987403977323 0.0448124518129
0.876545722324 0.134556332738 0.292669488128 0.187971935239 -0.323989446189 1.33422205789 -0.188148939531 -1.05879064096 -0.646100219276 -1.40768189533 -0.83161497649 -1.36672947617 -0.312961922639 -0.059423276777 -1.59816690228 0.16882889652 -0.23005739777 -0.0830565361939 1.26723107361
0.179242449388 0.706490601094 -0.0387533866868 -0.538914706376 0.805927174341 -0.161452719989 0.654153690828 -0.458655095394 0.892144202382 0.576711843677 0.162693208032 -0.813581350736 0.0302056654183 0.037684559591 -0.420111549926 0.865981223615 -0.24981898925 -1.00675931202 -0.0790546111488
-0.206872461236 -0.203499654326 -0.0400580009847 0.803077119868 -0.342894202859 -1.07541351326 -0.984021589977 0.100035740019 -0.706679703795 0.801586023067 0.819132227345 0.831307973328 0.431228692163 -0.68012700463 -0.713062327824 0.771520167434 0.3572215527 0.714023408763 -1.05737928487
0.596059466664 0.517573052621 0.606416404347 -0.42932033235 0.580431833587 -1.04584605388 0.42423925277 -0.0369208441361 0.0692683184564 -0.485734664687 0.0491454365755 0.28506227343 -0.253160669357 -0.272530214441 0.424154538166 -0.19245580604 -0.866606098692 0.746571383257 0.750656154525
0.425262814771 -0.0235016030576 0.0334381835558 -0.0260000428064 -0.723910792736 1.22154040735 -0.00836567205337 -1.12177469174 -0.661386249875 -1.1928843921 -0.576335939204 0.238533234414 1.44303176947 -0.466474423147 -0.0891694757495 0.427841889413 -0.704770527379 0.599472955848 0.636202814184
-0.60961910701 0.160229217445 0.80251863113 0.133904634142 0.388357432528 -0.656778793323 0.489111926322 0.807271757014 0.703531821944 -0.482849778602 0.837483958972 -0.204263524719 -0.369643812109 0.767847066197 -0.411231274128 0.528159932186 -0.97599150481 -0.549636577246 0.476044432258
-0.342143535541 0.936175648732 -0.858631753556 1.27757745468 -0.435926384526 1.74745747999 -0.225638104712 -0.84123906039 -0.813861309459 -0.896639167369 -0.563180096915 -0.300400743079 0.425500802364 0.638707707192 -1.09590132987 0.0321736949064 -0.775602526576 -0.0490546017882 1.33749954897
0.691799058121 0.592916191754 0.516457993944 -1.13892123025 -0.766289695852 -1.04485820038 0.519831209305 0.408589688254 0.056472420986 0.835773160322 0.407058466409 0.481400499611 0.143175144133 -0.134496792149 0.505694541782 0.0598914201188 0.296747829759 -0.3365064541 -0.959238553512
0.319458856685 -1.00944390373 -0.685509859623 0.065041284997 -0.551966614413 -0.143511403316 -0.331097480368 0.509793405202 0.505611822409 0.178541954833 0.186260071303 0.554332344721 -0.646742347483 0.29143095188 -0.400268337084 -0.719826662079 -0.183282638831 0.0324462955764 -0.387709164572
0.0775706849784 0.436896410871 0.244371673703 0.614442039665 0.498441590066 -0.0135276091099 -0.627694967464 -0.449247079015 -0.777469976676 -0.403896918098 0.914438328637 -0.0347701755858 -1.10636740412 -0.665535211689 0.595279226506 -0.357107728618 -0.369852214983 0.789841840181 -0.859444723556
-0.955076793602 -0.117589886331 -1.06099253906 -1.25495456615 0.180330351686 0.256358467713 0.539151859614 0.35278617904 0.0525909350141 -0.855325141608 0.368177016281 0.363867621349 -0.407906044626 0.037637917108 -0.155376888089 -0.749551133262 0.0869511724556 -0.516918701436 0.0288196345304
0.981643666187 0.859311092192 0.0774736981238 -0.0940732284828 0.111234004457 -0.0733388205175 -0.336481807191 0.651938499295 -0.591713361696 -0.448643088835 0.647820670586 -0.593990840902 0.822770680773 -0.364627801274 -0.00385831220968 0.36164931603 0.974598738982 0.188482169789 0.861479902215

-0.711052369059 -0.5792430622 -0.226905267827 -0.118645420078 -0.217589693744 0.305079889475 -0.462250585264 0.359953537247 -1.04864739888 -1.04183862033
-0.5498692267 -0.813965063333 0.094045054537 -0.404841803099 0.10053616699 -0.351099606008 -0.588778465819 0.496943769215 -0.611128784408 0.28031196349
-1.16177975683 0.509289048124 0.226403252557 0.494656244087 0.42082741708 -1.02472810865 -0.534912558598 0.445322537469 -0.559462023939 0.927975452785
-0.177573743192 0.507976818933 -1.00885375963 -0.524465466056 -1.21489491195 0.332009177593 0.24305867968 -0.709962030506 -0.70856420641 -1.42127158624
-0.712761237933 -1.16522269454 -0.188521429931 0.83518377346 0.787072304375 -1.70937555638 -1.73876910449 -1.0462110074 -1.68256626346 1.0781904541
-0.805705557204 -0.243234803656 0.146790314015 0.847791887519 0.779930374868 -1.19819285147 0.292756992632 -0.666739625869 -0.0665165998156 -0.561515653564
0.59622450488 -0.489147407973 -1.03401387304 -1.40178483613 -0.310667724232 0.993005044804 0.915745552894 -0.207775074614 0.754627872827 0.0951499835473
0.199052480172 0.683242146518 -0.873568472888 0.169069596166 -0.655479373928 -1.04522225937 0.744048983593 0.728019839669 -0.270393083485 0.206937825892
0.541399248464 0.625864620643 0.414498775396 -0.682972044548 0.250862236721 0.175363521293 0.810505376721 0.31279794979 0.976767176506 -0.753998562173
0.244503705225 -0.139825042603 -0.487903226205 -1.41495318937 -1.39230098261 -1.02422233833 -1.23023006506 0.222022655179 -0.515739693628 -1.35403122681
-0.831475344714 0.576318495504 -0.361824871728 -1.25191519436 -0.811163881755 0.980040436611 0.237678951505 -0.0921668034605 0.770105808217 -0.347080908259
-0.490815429472 -0.561298696561 -0.901917183321 0.584648691436 0.927547927012 -0.309846787968 -0.841616295247 -1.27838480244 -0.243584654513 0.971651170685
-0.270427167095 0.759430340356 -0.448881972208 -0.714125124532 0.112123032781 -0.544638494347 0.345226798795 -0.777596084403 0.135759212837 0.539189805327
0.724319196963 -0.29756867649 0.497066732823 -1.57170190278 0.303175983696 1.28825241414 0.105687643944 -0.152262604762 -0.453972490838 -0.368810937875
-1.03894680987 -0.44940019916 -0.330531929288 -0.5499976828 0.159467544599 0.224962141269 0.138234190966 -0.743795157216 -0.094359988609 0.821025667844
-0.0578124325745 0.873346187444 -0.889831710008 0.600328712536 0.60786344402 -0.0360298372848 0.409012039159 0.66742413945 0.845878083791 0.11704991959
0.510016124251 0.344727454768 0.632842890253 0.0647126054647 0.661993060983 0.0736646668688 0.247005351844 0.0710261282718 -0.545500102182 -0.74452184661
-0.334365750628 -1.06730340299 -0.776666629557 1.3258668533 -0.276120291566 -1.29567277498 -0.380650086113 0.0469110095826 0.207366469299 -0.0923169648273

-1.28949568571 -0.587570392958
-0.0523597406752 -0.140814198679
-0.0199205342917 1.20481481271
-0.728304874422 0.799231974557
-0.877809046075 -1.67788687225
-0.836108718444 -1.11453154654
-1.04409988482 -0.638238896274
-0.439931514952 -0.909813735638
0.113712969631 0.754062980541

-0.121316174998

