29
-0.165955990594852 2.98706926851 0.76139339437 -0.268171487887 0.621708958873 -1.03227710959 -4.07482352513 -0.245486718151 3.68437757389 0.429599099386
0.4406489868843162 -1.97960530461 0.566714679624 -0.0932151416561 0.933454452289 0.972071507527 -0.249100468575 -0.760510286901 0.0051235561725 0.564732281848
-0.9997712503653102 -0.520732337116 1.56334329002 -0.368164370233 -3.8747321513 -0.819064957581 0.0123770865071 -0.637613712012 0.109611826015 0.076235070651
-0.39533485473632046 -0.00572173535726 -0.745526082644 -0.118997737029 0.681433374829 0.804620995638 -0.716518813638 -0.962327114819 -3.53074620585 0.60385086566
-0.7064882183657739 -1.15651713413 0.538372295915 -0.10274546632 0.92238222337 -0.15990730399 -0.112031652981 -0.658870653155 0.313257816304 0.260263826773
-0.8153228104624044 -0.628521624108 0.818569171366 -0.219346729256 0.272646621559 -2.00871152556 -0.579722868073 -0.358635090855 0.570569431116 0.394721548993
-0.6274795772446582 -0.589697539281 -1.3542447318 -0.144738246014 0.252543077024 0.33126220619 2.71652779311 4.13250700014 0.787449779988 0.580049987704
-0.3088785459139045 -0.799234648138 -0.455101838751 4.46282626627 0.578748956079 0.368247386811 -0.344190800523 -1.0655734026 0.744972678245 1.00935532776
-0.20646505153866013 -0.823453614721 -0.524683093403 -3.77951035616 0.216249465867 0.207278927606 -0.482967935812 -1.12269436432 0.759720483829 -4.60065926602

0.0076652619968 -0.668810803139 -0.48397433167 -1.80220148636 -0.484796037278 -1.12797553841 -1.0939644519 -0.358435303563 1.55078153497 0.293650676211
-0.590200334376 -0.326771844336 -0.872364055093 -1.25833924971 0.510301183469 -1.19998605933 0.653534561732 -0.43142356625 1.07348154534 -0.714513952695
0.73554342186 -0.350083210997 1.00216746175 -1.61652150467 -0.54271753577 -0.929927227092 -0.162358643557 -1.0052943688 1.27580808586 0.600218486814
0.497753235595 -1.59514618991 1.09764157504 -0.0624054038254 -1.84609552693 -1.12721595762 -1.17261515842 -0.198402866689 0.20594724931 -0.831964438721
-0.695426446006 1.19833254284 -0.747476449847 1.02309557978 0.886907795979 -0.654965058136 -0.110497122644 -0.0416881812287 -0.3139269895 -0.583226426413
0.302332063676 0.11847333488 0.490761370314 -0.47521560845 -0.900997659555 -1.556042235 0.0755517853515 -0.925411872457 1.31429913866 0.562503986647
0.122206525221 -1.19443566165 1.18957654648 -0.507050151914 -0.190741486053 -1.20753635986 -0.938093176972 -0.940079413059 1.36576044267 -0.523903298844
0.473838334634 1.44278565203 0.300759385624 1.1468167759 0.258674916999 1.64141524167 0.501731503321 0.611836062999 -1.38177286381 -0.0655625947255
0.240138344562 0.906386832713 0.335441368931 0.253281967507 1.69765915521 1.21123365039 1.3416546335 1.02220279821 -1.65595568253 -0.249496138496

0.337430767324 0.136546639932 0.280477092558 -1.41258017548 -1.35080897624 -1.02903563422 -1.11409009189 -1.99275340325 0.125995926767 -0.42765531642
0.61857702089 -1.89809689193 -1.41627506114 0.172539904767 -0.55767275515 -0.348875912741 -0.0724497262915 -0.10003628257 -0.734705237167 -0.97221116094
0.0304234774995 0.825130045158 0.782770957848 -1.78405160928 -0.974256610013 -0.0834424379938 -0.278163829051 -0.628228856777 0.776318012487 0.242432784412
-0.478800005224 1.03420848821 0.139425140336 -1.76205999899 0.0131029006577 -1.16175309443 -1.05435536078 0.367176205128 0.232202247365 -0.255114681902
1.32521755174 1.80320737101 -0.200484661705 -1.93621633511 -0.862165079398 -1.01960250553 -0.0126046834646 -0.426493152038 1.00413557397 0.951418752536
-1.01473888677 1.6183507223 0.0478873762844 -0.769292845864 0.374298895305 -0.529396163765 -0.0970230313204 0.224092143571 -0.22450645509 0.31377761812
1.41463806671 -0.430150362198 -0.433627390557 -1.31195603294 -0.296553978329 -1.95204318504 -1.57809389113 -0.780952277723 -0.0763255450675 -0.886541654509
-0.201424363334 -1.96671829139 -1.23761324113 1.01322922378 0.75822555572 0.362825700081 -0.420965069659 -0.24240755587 -1.589177276 -0.681095694631
-0.5004595238 -0.0588004802047 0.322360032995 -0.192220133785 0.409172051265 -0.353423428084 -0.0135263131283 -0.836925683352 -0.82554484931 -0.487547587371

0.100989695092 1.03175315351
-0.689905788615 0.557005561099
-0.184628614666 -1.66832423004
-1.42094480897 -0.766014233075
0.0603399086285 -1.13015477518
-0.376987814415 -0.5209574894
-0.427508855185 -0.628064480242
-1.32414421796 0.881136289066
-0.801290649222 0.406771159872

-0.189483204346

