29
-0.165955990594852 -0.0366976246747 -0.138487099535 0.10184945972 0.985733817604 -1.50814338462 -0.548281643238 -0.264044442911 0.65478153363 -5.10333299217 0.745983060412 -0.502375028578 -1.21537395745 0.645379478817 0.463287723515 -0.376089263337 -0.91201437235 0.529981602108 -0.139908870373 -0.381922060822 0.902181821104 0.0281947209387 0.846605106591 0.456518962877 1.14632655813 -4.10927387858 0.524323036664 -0.0985008596573 0.728762029825 -0.916788864433 1.61128053874 -0.122971023396 -0.920623872845 -0.333403249716 0.736522405448 0.628201655718 0.0367778472024
0.4406489868843162 0.140035624824 -0.144490706782 -0.0201143946665 1.07683933324 0.39356668649 0.563721842614 -0.374277638228 0.100211955052 1.27568695521 0.497485081171 -1.36369367488 -1.69473578767 0.797329479453 -0.648370611496 1.07450236525 -0.78643263609 0.503120679245 -1.31102613847 -1.01130109445 0.114412453481 0.952986378418 0.634153593607 0.48456859415 0.636097455233 0.547993564296 0.720294604651 0.195111758959 0.391730816091 -1.14185876403 0.763182766199 4.08528440176 0.954297404669 -0.2550985764 0.901455970177 0.672924571766 -1.59465559103
-0.9997712503653102 -0.143759641829 -0.679900883446 0.192966343069 0.452118952359 -0.508059051746 -0.819538442872 -0.428478150533 0.510361824229 1.16739397109 1.00113951042 0.912060393514 -1.33197004481 0.616567146181 -0.576123353197 0.891352886752 -0.698115490004 0.136982376228 1.21430096746 -0.165740792469 0.843413661183 -0.147895629162 -4.58676498549 0.090483017625 1.47745184875 0.49357156556 0.508871488544 0.192037659934 1.04521610867 -0.642722017071 0.479769021798 -1.1277592906 0.235297672608 -0.347223108423 0.655963837361 -0.800589346835 0.519261084639
-0.39533485473632046 0.0790351865133 -0.254061527468 0.100858418355 1.82560968133 -0.294991576287 -0.161860029407 0.144702604338 -0.18893382177 -0.611161382669 0.0818585673132 -0.18655750708 -0.140977600205 -4.22081961323 -0.841711994985 -0.875564344905 1.48075123321 0.120319708679 -0.774238632856 1.54580106649 0.282556196292 -1.28911502856 0.772975274584 0.221288957937 0.834156550515 1.41135699984 0.440968932474 -2.12412217803 -0.224692532818 -0.797259165628 -1.29142800502 -0.393519670977 -1.5859744269 -0.28118344978 0.705523531142 -1.06228993747 0.61329523068
-0.7064882183657739 -0.012869072327 0.00447669641199 0.0391705824679 -1.41590067433 0.0505739197708 -0.63611420192 -0.610692875372 -0.446886606228 0.50314566539 0.561718369204 -1.03872897917 0.59261073754 0.530132915315 -0.942203378342 -0.946983300635 -0.317466480497 0.637863398354 -1.17788199945 0.877401205336 -0.216881523477 -0.396594208842 0.447289328583 0.568419559896 0.901512179356 0.997646617192 0.741823003803 1.7513415001 -0.683557415747 -0.961674020202 -0.523109189972 -0.270931946454 -1.33260058329 -0.315943516589 -0.797838892183 1.31332138461 0.967493764142
-0.8153228104624044 0.0268703124555 1.95149457987 3.69118343403 0.0322446354613 -0.838153496052 0.355163541173 -0.212657726985 0.841050739958 0.636873677491 1.45842839326 0.978350512833 0.289540094351 0.375981330787 -0.654946402361 1.81768753387 -0.198731418987 0.692927745266 0.413354251792 -0.656726613701 -0.0418320197916 0.401049883049 0.92700407932 0.623713388206 0.257933143662 0.515467429636 -0.32837564271 0.132479691756 0.792420274822 -0.837622030039 0.414359403052 -0.468093856113 -0.454147461191 -0.214575124265 0.305809065365 0.000612251847208 -0.188111368946
-0.6274795772446582 -0.0363182465088 -0.604394144685 0.0570801387698 1.17098848015 0.25073325595 -0.333650891112 3.177598717 -0.137348132604 0.203151728067 -2.52873349585 0.805208688944 0.0395221266137 2.1527454214 -0.520315519703 -0.594362088369 -2.44041739864 0.0125140648732 -0.889673165268 -0.971164625495 0.20442778532 -1.45453254057 0.558561409186 -4.44806172794 -4.52607793777 1.62355420164 0.335357008339 -0.678986902356 0.268674089827 -1.38284590378 0.0625223147994 -0.594645986816 -1.35561317771 -0.247436223204 0.409928388747 0.468192077285 0.799679188883
-0.3088785459139045 0.212980521353 -0.889075666268 0.159780426972 -0.778027357316 -0.480803577374 -0.542610319205 0.163494563175 0.993792861445 0.573627212804 0.649643813356 1.25797034146 0.395085754965 0.619816736121 0.665674050607 0.929733641061 -0.282855518772 -1.72127698911 0.734768175912 -0.6621930039 0.0957388641309 1.26635110657 0.334853233818 2.91986370555 0.517375669673 0.728401332877 -0.0652238835557 -0.791627703923 0.692486839942 -0.825203042006 -0.705033538034 -0.548911978196 0.865691034389 2.89451149929 0.222492877565 -0.341038710335 0.834052874209
-0.20646505153866013 -3.74437669451 -1.38006913211 -4.40439270504 -0.503487856315 0.386934769624 2.44494297484 -0.000216309376509 0.495110405255 0.242085223161 0.400498780385 0.548357705077 -0.331839355662 0.612695125992 0.172909489604 0.928681055667 -0.171785221227 -2.02712462334 0.518401005137 0.304653898729 0.842589528881 0.0704675614749 0.537118666241 0.649876686524 0.502437582417 0.381555894808 -0.175793927266 -0.409685320438 0.452929429452 3.93784220356 0.980234192099 -0.369846509897 -0.131374191969 -1.35826954903 0.600249687899 0.203155325793 -0.251236733842

0.00770179072533 -0.367570368537 -0.427716723637 0.753157647116 1.11007592284 -0.58002331218 -0.825831408878 1.16193188482 0.206182934959 1.24370036547 -0.034830135447 1.41368688159 -1.29040225121 0.82242525074 0.904006406229 0.250986722007 -0.0971159900898 0.378043840804 -0.227939207047
-0.681959916841 -0.826907669951 -0.814663414756 0.917784846763 0.171600947512 1.45101670828 0.0691029543657 -0.881872199675 -0.405404847276 -0.781823959666 0.151396426948 -0.771754569317 -0.182777089971 -0.62564287566 0.181746250172 -0.31392960031 0.762287322887 0.839611790886 -0.274315999759
0.75083355997 -0.65294207662 0.0100525938224 1.39751328155 -0.0615520489683 1.70859102836 0.422824896929 -1.43218786643 0.202665415322 -0.028146824274 -0.667499773428 -0.502450700921 0.331544277195 -0.435081294754 -0.228264214211 -0.517169057573 -0.118637972223 -0.945335442415 1.56093291
0.560022236529 0.648447518274 -0.480009940137 0.75985968961 -0.0872528723928 -0.00258026026847 0.657365816514 -0.946573938436 0.745034336583 -1.25935325789 0.748853551949 0.900963993118 0.234397532005 -0.554368247676 -0.0879386351117 -0.337618653507 -0.299890746898 -0.915536045092 0.189397820264
-0.729089295485 -0.961900678303 0.271276618493 -0.650541323687 0.144239895396 1.15020487987 -0.620977602195 -0.869125402905 -0.130077115908 0.60527358638 -0.134476281386 -1.00657149777 1.07265139234 0.4304716309 0.787799563025 -0.227924673016 -0.463639801688 -0.0605144947815 0.646820181576
0.417671619675 -0.454344791527 1.05945382679 -1.01071296948 -0.460387304918 0.440191395733 -1.38172892042 -0.145658251871 0.718871332681 0.3403058386 -0.0297788245524 0.982008305298 -0.551259355967 0.541558217716 0.835220987262 0.0115220306335 -0.875926378364 -0.369684713248 -0.162111323659
0.213168555326 0.453987833234 0.628333042175 -0.35599660601 -1.53228170236 0.619179434769 0.839560549128 -1.27001459763 -0.908059138308 -0.279382851626 0.154276042671 0.184158925644 1.36777598676 0.431306269263 0.480063633135 0.86813431417 -0.251750946433 0.732328524908 -0.233582991503
0.45655510739 0.28005050404 0.655362329604 0.142225830344 0.342086525025 -1.01763401142 0.672299886605 -0.679242312948 0.486576552437 0.497150967586 -0.529291418064 0.202351562829 0.213478941057 -0.381204386144 -0.554839409463 -0.3928933616 -1.01036268186 -0.1688536578 -1.03204878862
0.228175047773 0.276489426139 -0.368930236249 0.893144151735 0.0953444353675 -2.52687784472 -1.89714751906 0.877288864541 -0.813810607887 0.318475481418 0.132282561617 0.884146612909 -1.94260405738 0.19709937436 1.67700922155 0.344494367869 -0.499111541268 0.0455650184928 -1.09658654572
0.271459022556 -0.772863598313 0.944551755293 0.804041619996 -0.0626489990417 -0.749287377372 0.550691145608 0.921632938426 -0.238366528001 1.17367481685 -0.0224095904433 0.962378160927 0.852037294985 -0.00814834381406 -0.479393212337 -0.3375113807 -0.0379071060963 0.700367574279 -0.621297465945
0.997785569548 -0.377839522477 -0.168882149193 0.360466988901 1.4617595318 -1.10759710664 1.07518837372 -0.538208937116 -0.499722869975 -0.090949403732 0.252670634762 0.975596436884 0.088736076404 -0.0814309643522 0.889124599581 0.781386997033 0.880977474262 -0.263321048231 0.726037433375
-0.775767125594 0.21776814458 0.67641656509 0.605051314205 -0.267356048493 -0.114582470731 0.153552656702 -0.627590768924 -0.838622964495 -1.23436001247 0.739404079548 -0.733476614199 -0.278755227752 -0.291443972031 -0.329374925071 -0.312296086531 -0.804163923357 0.745906142967 0.734563452564
-0.422867817464 0.461492712204 0.0955062961326 1.19452324392 -0.558729424485 1.3959315744 1.46220371694 -0.72175387618 0.844007492681 0.458148154713 -0.688211527992 -0.280674802182 1.5036392713 -0.357778738748 -1.39947425203 -0.466984422155 0.268309016995 -0.744495297434 0.475932982647
0.523947845931 -0.597808162849 -0.715416734304 -0.240298121612 -0.241391059101 -0.637111572891 0.292632089301 0.85046400681 -0.253410523825 0.727212762533 0.56436704076 0.820297010623 -0.16204866094 -0.871952305442 0.695390802641 0.824713128084 0.00359293444762 -0.453960109933 0.510680632781
-0.898728320777 -0.742786547818 -0.458506275932 -0.535470056944 1.31593348524 1.40923392159 -0.883110994814 0.892022096369 0.330409861261 0.774310834444 0.361165872581 0.15939936868 -0.108885618462 0.580799429905 -0.057517210015 -1.08993197334 0.551550418317 -0.379406962697 0.344607934665
0.627871377638 -0.492180186052 -0.855110280648 -0.89468959012 0.89638523802 -0.0780230867023 -0.199105005712 0.467076603821 -0.00757157820707 0.361305095809 0.356123006677 1.10872458112 -0.854564771184 0.492997167368 0.353074546101 0.861868108563 -0.700454814851 0.149912749636 -1.29633560732
0.103259490283 0.651829038959 -1.07631850602 -0.905082858287 1.39503831437 0.716668916684 -0.110091393001 -0.334925065694 -1.0725082464 1.05498804853 -0.965549428417 -0.223333884124 0.234004635759 0.236976670299 1.28568505661 0.0500364897525 -0.856233528726 -0.619047353376 -1.24399477101
-0.275818875841 -0.245438047319 -0.161112602878 0.640887513898 1.26572130449 -0.343364941237 0.540473522529 0.74105931602 -0.522788217577 0.774976239441 -0.109921375312 0.013992860404 -0.757476546973 0.393778844429 -1.17322439973 -0.220156210174 -0.183257053487 0.28996923601 -0.999664580086
0.816172729579 -0.817587489593 -0.798367865161 -0.84566029374 -0.589947010325 0.444984449951 0.384166767445 -0.570830794496 -1.10444344881 -1.20031171259 0.74680850671 0.401408425534 0.616727334219 -0.778445708638 0.764684678375 0.809302856001 0.567451233746 -0.72862348349 -0.184622601819
0.897658380544 -0.0844243159102 -0.832106767099 -0.566883266924 -0.672877022691 -0.0585096314413 0.422347415136 0.899808092444 -0.177676388162 0.483935987806 0.197103175882 0.276826364286 -0.473609159958 -0.610293732166 -0.80797725905 -1.02636403386 -0.679117173905 -0.959170124895 -1.01989835236
0.844115814755 -0.792272158478 0.754723174037 0.204724949027 -0.028807011247 -1.23312319006 -0.0278748419106 0.347436645428 -0.347037195428 0.182440549007 0.550791511662 -0.560569427865 0.296745893198 0.278578644964 -0.825572320289 0.0238337526872 0.55638423403 0.753791199523 -0.263883164366
-0.986810608429 0.508314262507 -0.593723900816 -1.63685829464 -0.480274030564 -1.01827438266 -0.1295674144 1.59686808325 -0.442204882542 1.37952933235 -0.0866361962813 2.33415815725 -1.15752313747 0.831044065252 0.257610780114 -1.20393379451 -0.346292509178 -0.60993542728 -0.314180087232
0.869714147678 -0.35348795303 0.411569757634 1.01459495818 -0.318017553804 1.05979569789 0.108544068792 -1.22466855508 -0.875335114244 -0.867852994685 -0.149600613265 -0.566316053953 1.26832544528 -0.817197244738 -0.576559926964 0.0957839035291 -0.505031899227 -0.270278966382 0.117930554252
0.661969579823 -1.1123663471 0.223064638467 -0.277323997586 -0.14869956211 1.95456559554 0.929535034212 0.179919734984 0.349751837138 -0.68924723305 0.793384904501 -1.65680665776 1.43985588652 0.0276414883904 -0.234117740489 -0.732116632819 -0.980898153979 0.0733977199256 -0.0697613101959
0.867519441673 -0.0654797234845 0.484677875146 0.276689393992 -0.549308499269 1.20787125456 -0.323451626034 -1.09377037054 -0.508080833071 -1.54784120066 -0.935937841014 -0.942983043497 -0.712655652269 -0.00882860742879 -2.02030012561 0.0345602952292 -0.326766466512 -0.0239785295901 1.48643517291
0.179151201718 0.591328053976 0.0655358973228 -0.45538455855 0.776876785127 -0.0791392546896 0.797665761 -0.548892591345 0.772380554819 0.474842330688 0.128698380346 -0.718298079452 0.117222102485 0.0771411386987 -0.343227895718 0.817623567726 -0.300606912175 -0.994688067633 -0.196187794744
-0.22322321415 -0.169656835285 -0.238680257682 0.978837386637 -0.173246425887 -0.865651657613 -1.51453361163 -0.000252918814345 -0.904233071449 0.730909243016 0.818860530027 0.863252465241 0.158464827439 -0.763450789723 -0.574441717392 0.775561513072 0.310601153088 0.660888530968 -1.03077676652
0.623365808447 0.418711049729 0.604800482514 -0.240157192542 0.689514934456 -1.02537103172 0.398534744094 0.0772552519199 -0.0768146960192 -0.467948994116 0.0865605540555 0.457810394112 -0.157875169278 -0.24936737409 0.772429022179 -0.246879033149 -0.904298910231 0.756158788228 0.846139291205
0.385185337453 0.0157447451322 0.171046454462 0.210359866874 -0.678609728263 1.43101684477 -0.270192128001 -1.53309285533 -0.731827005238 -1.4494144394 -0.330008357291 -0.0101052791797 1.77752644963 -0.589282082586 0.366148665555 0.522192257657 -0.724046370922 0.599631865386 1.19320197907
-0.600075108076 -0.0491754452561 0.891746619593 0.229494015193 0.340481244033 -1.0407260724 0.539159498698 0.953523478412 0.681889662688 -0.0592700928895 0.758581722429 -0.757673011259 -0.442023706647 0.94471620846 -0.864080027211 0.492794594754 -0.983219566357 -0.583957316404 0.094570868864
-0.346405278527 0.823839369876 -0.779032582278 1.55460696652 -0.884452723213 1.74240147231 -0.476547617142 -0.819127566954 -0.76559915452 -1.64670253012 -0.733567674971 -0.424470861684 0.290225216861 0.504843186833 -1.297212858 -0.0953781738891 -0.805418433305 -0.0116381193516 1.47084139301
0.645445028546 0.537911021913 0.410817994723 -1.21188433519 -0.848655071034 -1.17637947746 0.55917737213 0.504611787125 0.0702981852536 0.840639860023 0.359765964202 0.546104762767 0.114955688583 -0.112844782023 0.470517254232 0.0333269084137 0.302355792067 -0.334845843428 -1.02241291145
0.296252145584 -1.21448188156 -0.918230049674 -0.134158958886 -0.776336225668 -0.408941122943 -0.813655179097 1.26024344273 0.617897012389 0.2922655538 0.0645700829971 1.25530871767 -1.00249440973 0.340187540503 -0.305319725494 -0.745754287201 -0.192622632755 0.0222458873207 -0.806553709856
0.0774198480822 0.317494646169 0.349453112197 0.6864273022 0.479777215504 0.0373020812149 -0.496904299981 -0.526645909949 -0.893536191919 -0.484527247883 0.883532304235 0.0773081786232 -1.03569565072 -0.61846099511 0.676121027301 -0.40437170377 -0.420504686402 0.801511392386 -0.997329241972
-0.929778421092 -0.262895712288 -1.55864781975 -1.47973873126 0.137452712178 0.934107004453 0.596991440814 1.01870704227 0.037518173526 -0.58477755741 0.220055154915 0.511067972904 -0.73374654828 -0.106344047785 -0.483051885281 -0.82611279829 0.0909530257553 -0.610045079135 -0.133735481924
0.970076991216 0.755060735078 0.00251043842564 0.248732568275 -0.203322112731 0.15570321084 0.0971040163887 0.387655272724 -0.69068633696 -0.55130344794 0.588801929126 -0.674064954938 1.14231419315 -0.515133127691 -0.0482581865609 0.307680699586 0.920730717959 0.196899114945 1.12703874221

-0.830429082943 -0.716781757545 -0.278485111188 0.0332264347699 -0.300258839657 0.282269791047 -0.530227080878 0.225899208439 -1.03402226782 -1.21570151914
-0.444935484684 -0.884880208529 0.0639264662347 -0.788992956575 0.205375445513 -0.712434863953 -0.900761670789 0.486277633548 -0.77162060963 0.273828117472
-1.08995589592 0.340777308715 0.178615242651 0.625685633792 0.405230034729 -1.37982855259 -0.89618677164 0.337273801239 -0.733928951055 0.793022775368
-0.196005724583 0.396560270429 -1.05210604923 -0.555007341552 -1.31018902371 0.890827279641 0.23720680768 -0.863209817613 -0.713749929993 -1.56995703372
-0.66184873842 -1.19993289256 -0.207355437617 0.854838670404 0.664670991148 -1.870864861 -1.93311106865 -0.97942275381 -1.70741191937 0.811050328972
-0.675094666535 -0.442822719717 0.041039466592 1.32679812932 1.00733151832 -1.2298904932 0.10116498266 -0.90554488969 -0.380978928635 -0.561777795657
0.519222616282 -0.399887779709 -1.04634751737 -1.76182321199 -0.371252070263 1.21106238679 1.17458443586 -0.118685462541 1.05483453639 -0.0243977428758
0.0829601079664 0.598487252923 -0.899172033001 -0.22387530903 -0.524256446336 -1.37324503789 0.580554408615 0.726494864109 -0.349158440679 0.25332912808
0.461055922213 0.716333564076 0.388429318531 -1.07171152865 0.320411909978 0.454109110733 1.0675063156 0.415509256078 1.2882762778 -0.80191396529
0.213602244802 -0.31625847789 -0.569665366368 -1.2835004761 -1.54541452481 -0.956679259718 -1.41695511726 0.0993968191735 -0.719865576421 -1.63882904295
-0.71915653453 0.60854272607 -0.411677465059 -1.46568521519 -1.06053038025 0.878963707918 0.322299931944 -0.073328466124 0.772477206642 -0.558607222525
-0.420366482241 -0.75243902627 -0.974804488427 1.11229006556 0.979192455638 -0.641875352957 -1.15296552903 -1.44945318545 -0.701930136433 0.941096031851
-0.223364498601 0.788937991112 -0.458581230872 -1.00344153712 0.0100057290989 -0.865159447604 0.415422845908 -0.786617017856 0.323733693427 0.492797854407
0.805162876271 -0.229436915554 0.498868642978 -1.97964785609 0.0377029337923 1.55645901826 0.17510965665 -0.0406563124257 -0.448060502251 -0.465420970284
-1.08616559681 -0.469793479942 -0.317178278531 -1.01249819619 -0.0795393486744 0.59194031543 0.149379988166 -0.727565690309 -0.125434464658 0.694508018387
-0.108466661014 0.856992929482 -0.892721333935 0.530612457149 0.569608981653 -0.0246261833662 0.449276166041 0.65505956537 0.868650600079 0.0899604885028
0.521614339562 0.281550868786 0.6207054465 -0.0979112886618 0.61752726744 -0.288480465816 0.0977503748513 0.0419027529281 -0.656964355267 -0.76469780251
-0.47223385542 -1.17025320124 -0.814991815504 1.27560403931 -0.385564828259 -1.6572751193 -0.467839434385 -0.0529428822683 0.0821041367312 -0.145935613532

-1.47101337873 -0.548189457326
-0.146372365027 -0.121810645411
0.218500478536 1.13017481638
-0.82260858847 0.87598335218
-1.00389103343 -2.14410178039
-1.05063332291 -1.19773840063
-1.17502169263 -0.636640664053
-0.660953680281 -0.990987150329
-0.170772819469 0.528027662154

0.102942315468

