29
-0.165955990594852 2.53301420089 0.676530400946 -0.183101371557 0.511228740661 -1.10493940269 -2.99342661162 -0.315184321745 2.84749830713 0.385504984689
0.4406489868843162 -1.66876783567 0.73089992666 -0.248008050286 0.565056272758 0.728079565454 -0.246711052793 -0.595586235756 0.116112811732 0.422822019468
-0.9997712503653102 -0.265396149126 0.217273967016 -0.409469356076 -3.01464597755 -0.524572992996 -0.103160228854 -0.480515903223 -0.259726981253 -0.0649181358801
-0.39533485473632046 -0.355363002282 -0.0021938997628 -0.186355734179 0.372402424597 -0.0682131690953 -0.943126044132 -0.213116797879 -2.67330940491 0.623259269863
-0.7064882183657739 -0.70126576339 0.312500530679 -0.28187999217 0.787282872242 -0.168065097107 0.0326748941494 -0.548865938519 0.318201664075 0.254732967157
-0.8153228104624044 -0.424189522805 0.364771974821 -0.223924031679 0.755330870007 -0.908865056776 -0.19804489932 -0.419812003711 0.460743165131 0.761602409622
-0.6274795772446582 -0.567942199846 -1.02527161966 -0.159973480062 0.323258590315 0.369867175437 2.3156175427 3.46453430488 1.18319177447 0.574784011121
-0.3088785459139045 -0.732424175174 -1.30215939928 3.65432571292 0.194182189955 -0.283476783004 -0.40315094682 -1.08143416018 0.567381364863 0.866227624813
-0.20646505153866013 -0.692155938615 -1.11217562431 -2.55121084401 0.337685146542 0.289361737591 -0.304601212734 -0.829430856193 0.296478931693 -4.19603973125

0.025496492078 -0.894281094282 -0.296699565927 -1.57123548268 -0.398070768128 -1.05646084934 -1.03372176371 -0.644863718326 0.952052489959 0.292418665139
-0.65432980181 0.16046286788 -0.787759578807 -1.08739309394 0.924378939545 -0.835554279203 0.727210390222 0.333552817681 0.961874581649 -0.667840928126
0.736723036337 -0.026214050268 0.996435169657 -1.47893730911 -0.469402033734 -1.39643954633 -0.0855804520696 -0.774345193976 1.34938693415 0.616192635763
0.504068406454 -0.955092802495 0.827165576511 -0.335919902262 -1.38138285676 -1.04824558031 -0.870574620161 0.223369003 0.324124497887 -0.784797150698
-0.704713783512 1.02503864824 -0.886674754287 0.895198025617 0.73562580683 -0.778965021607 -0.435302203022 -0.453273658357 -0.0507979602187 -0.501984272674
0.329735469945 0.13658175038 0.452495473055 -0.0430052189714 -0.974297486565 -1.23537881282 0.178548539545 -0.917410351382 1.21817705061 0.536699619429
0.14053409273 -1.21710536753 0.822148912693 0.0548879850692 0.119940435341 -0.936527901095 -0.94783085117 -1.15414497321 0.916463043696 -0.566900604888
0.457511520556 1.29264568191 0.434602185803 1.2084106894 0.493079805396 1.01071921864 0.506365204306 0.583918599071 -1.0998519682 -0.0499152918745
0.248744641141 0.706758406204 0.190695515115 -0.222236775398 1.56976404821 1.17952165289 1.21421779578 0.774001917318 -1.65582611095 -0.257016906147

0.19525433172 -0.203361702934 0.275858769395 -1.15618144477 -1.1600718901 -0.916016446453 -1.02614908425 -1.84943058152 0.0515382711854 -0.409507651319
0.703675780051 -1.68033527254 -1.22031349979 0.21874637048 -0.570707734494 -0.319316015372 0.0240721632553 -0.0223341771282 -0.502942224132 -0.817509014079
-0.148150455807 0.85769611707 0.84305343257 -1.47484363624 -0.932453387451 0.0667411010611 -0.178491587138 -0.530949318495 0.718613047204 0.256767463265
-0.321131552074 0.876759175097 0.158836517989 -1.5040237118 0.21278101936 -1.08835655037 -1.00502044825 0.476915248846 0.346809642118 -0.225284891321
0.653837035215 1.58439121163 -0.239809192417 -1.55425345844 -0.687853286269 -0.795000569394 0.136105139673 -0.272775815276 0.947324626944 0.937628909263
-0.97438180913 1.41183425257 0.0448298478531 -0.746121539511 0.475599110993 -0.494419238525 -0.0701996403755 0.302597337559 -0.19712628003 0.334484520509
1.15031205601 -0.648833072303 -0.404191212242 -1.38284178143 -0.251450081393 -1.84808650119 -1.45747593244 -0.69416683963 -0.0288021327265 -0.836499169282
0.132424751296 -1.79382961908 -1.05718980375 0.875494231278 0.746186115477 0.222112430905 -0.425583903181 -0.235113512251 -1.3302914578 -0.543787819242
-0.471841403508 -0.0195555019606 0.361968505521 0.132142359676 0.538807459425 -0.264571657156 0.0458553710749 -0.763784313208 -0.748845416285 -0.458430169047

0.115930889072 1.21015102406
-0.535886489222 0.521114453803
-0.0147662927267 -1.34618106728
-1.32511164189 -0.667692505546
0.145908968142 -0.940991236489
-0.24040696487 -0.448614169633
-0.298396736091 -0.443421502384
-1.11783017267 0.847728892469
-0.668461412982 0.361164528516

0.21912677354

