29
-0.165955990594852 -0.427475680729 0.309198626455 0.113623890323 0.684402237455 -1.23141069715 -0.874957905352 0.18256776485 0.72583874703 -3.34871445554 0.371270238277 -0.503247898115 -0.961899911169 0.640144138808 0.173253446078 -0.717053014301 -0.660848144013 0.306027163442 0.0321306460809 -0.257268695355 0.903784748665 -0.0512958521148 0.567671389914 0.400644816693 0.541051902071 -3.23872685587 0.528860859233 -0.0928899821294 0.752118848207 -0.654022851221 1.45258428873 -0.112941950078 -0.458057693443 -0.212341936517 0.735306657805 0.426578678884 -0.299699740021
0.4406489868843162 0.626793532241 0.280297643724 0.00702512386297 0.397278530501 0.487477920041 -0.044657325702 -0.27680157908 0.236199976706 0.883549328811 0.0067953564968 -0.939904003984 -1.13747558685 0.540648136209 -0.711695197322 0.850648673177 -0.354480295844 0.922694420781 -0.82871499393 -0.826940359826 0.112652306461 0.579337500842 0.555482551547 0.451415322804 0.577311474057 0.519790521837 0.722653158488 0.167774960405 0.855577660328 -0.735932944522 0.563465285292 3.40384322086 0.454824177515 0.661582708672 0.901533366068 0.277584735981 -1.16904641337
-0.9997712503653102 -0.300640593642 -0.724431326415 0.0503712643375 -0.108052746749 -0.431438380008 0.0924189430297 -0.3079604797 0.540636542421 0.681759585181 1.01035225167 0.743627806856 -1.09314882187 0.625106067607 -0.860438826673 0.144318781163 -0.112297374918 0.0174195355787 0.791718954383 0.0768803208465 0.835992194162 -0.539126922239 -3.57114704606 0.145486201179 0.641211604026 0.475485237638 0.511365789149 0.0552581039134 0.350288668275 -0.689003392479 0.249407711813 -1.09650625135 0.130902895967 -0.170115350836 0.653826092449 -0.893519928817 0.640158566012
-0.39533485473632046 0.748419698319 -0.224201090053 0.262593543496 0.882833511787 -0.346661563964 -0.140501910199 0.0840066736848 -0.215277546588 -0.434425122733 0.151922511815 0.253342019644 -0.300305164494 -3.18817711672 -0.741188038478 -0.271318286539 0.892462544362 -0.184466073104 -0.5964511959 0.789383899642 0.284703837224 -1.04391801585 0.614507785921 0.320160034966 0.421686957616 1.10767611617 0.425796746415 -0.940269680347 -0.371121401756 -0.409239621007 -0.342008806713 -0.209312668841 -0.952365208404 -0.868728600047 0.707299174713 -0.584206371106 0.430151251346
-0.7064882183657739 -0.855360015485 0.356027852204 0.157355861734 -1.09363113156 0.0752131443155 -0.634224108601 -0.277316361982 -0.382661083319 0.35155823516 0.682582768295 -0.884885300176 0.535051616153 0.697193757485 -0.899208619287 -0.36159475334 -0.52362406837 -0.0391452498782 -0.729536297532 1.2488335219 -0.216223191105 -0.457352198782 0.486861687812 0.318455959284 0.669526114632 0.873145138366 0.743000488563 1.53546302733 -0.405215761442 -0.750212190143 -0.279418962881 -0.300304936325 -0.815288141067 0.320589459813 -0.797651849081 0.448749289645 0.910939725061
-0.8153228104624044 0.0218216369945 0.788228749768 1.92507983094 0.623412297958 -1.01070219655 -0.338146178646 -0.192257529398 0.849821643685 0.550023800822 1.07317338192 0.853734812033 0.066049351352 0.606110962605 -0.760938516943 1.00272478821 -0.218828041209 0.468204442732 0.313791767797 0.426787187976 -0.033164723828 0.266697741208 0.577558238314 0.495661346312 0.176487715964 0.588136620674 -0.315015449644 0.206796096986 0.748555128079 -0.70720818799 0.063494286759 -0.558334305695 -0.385461930249 -0.659011394904 0.305588045074 0.255492721472 0.257708873739
-0.6274795772446582 -0.506059367065 -0.549730494071 0.0194373599721 1.1509647499 0.168218928976 -0.0491645660275 2.35433585997 -0.0558296399832 0.183880161538 -1.84965153839 0.351476264672 -0.12256480799 1.08136660168 -0.519912963671 -1.00062766299 -1.57100083701 0.24827716842 -0.637350343719 -0.728219287737 0.210080261079 -0.962932167808 0.470229520929 -3.3851209369 -2.64571382721 0.985474776987 0.340858146097 -0.493330465282 0.154975540958 -0.715178555453 -0.16668921017 -0.254101536698 -1.14990388803 -0.410376984192 0.411468094684 0.258084028264 0.754955439028
-0.3088785459139045 -0.305252621642 -1.41840206043 0.175825162336 -0.887076121207 -0.623612728437 -0.542460386197 -0.0386697588064 0.914817272963 0.227724886582 0.828504626858 0.911116535596 0.678839141051 0.586816340916 0.481649738275 0.400199236369 0.0562866152263 -0.72144281291 0.518358232945 -0.668869566439 0.0977329982255 1.45622006504 0.582458023857 1.90582840926 -0.0149731440305 0.552565436822 -0.0799376442671 -0.491463240535 0.604942049437 -0.636826737968 -0.387240544017 -0.17918043067 0.487941897436 1.49912747277 0.223726177408 -0.161653370803 0.323457953137
-0.20646505153866013 -1.05670248137 -1.26647543138 -2.84969616349 -0.00449232531973 0.386317656244 1.31672322744 0.287825099454 0.424072623734 0.124658480823 0.811192387628 0.293971981692 -0.759777179258 0.435953711213 0.157175186629 0.924219629997 0.16787734769 -1.41667749577 0.0766407738486 0.297673003799 0.845718512422 0.227202974878 0.464808518429 0.359136872107 0.649599983771 0.519784479178 -0.184021886563 -0.690922621255 0.185475780588 2.81804593119 0.347767588013 -0.418503194672 0.285131727898 0.14538369001 0.601292198905 0.584205842826 -0.227611738144

0.0482752280125 -0.245127711057 -0.439779191477 0.904476640189 0.750933919748 0.281278738043 -0.500160338651 0.547768590982 0.203165332396 0.594595593226 -0.169209705175 0.965831842638 -0.760163443458 0.584267766983 0.431488610293 0.262724819353 -0.10274751626 0.389355342466 0.380632287046
-0.690709351457 -0.8725405924 -0.84184993963 0.727305234526 0.263388184486 1.13149531215 -0.0545505907423 -0.544061209676 -0.38394139281 -0.666673070511 -0.0130585401307 -0.75222057716 -0.202037072786 -0.642686079303 0.273462049195 -0.329424993634 0.766528971746 0.81943598998 -0.446875994408
0.749256731354 -0.60940913139 -0.0588276050027 1.0336195602 0.0494675366766 1.19010103067 0.301259016095 -0.900161438652 0.224502785433 0.110399639049 -0.483837930565 -0.922622707281 -0.0107430724869 -0.406539956346 -0.602461088155 -0.541670987623 0.0108375943237 -0.977337325426 1.22761367666
0.5266755696 0.585543054839 -0.856607374909 0.72616058514 0.0954598381168 0.540132887648 0.458400793772 -0.534520386633 0.806711638143 -0.903165119295 0.746769314965 0.989406331953 -0.0912506448749 -0.666359106859 0.0432672837465 -0.257096198568 -0.228601341361 -0.956702391926 0.482077277607
-0.728485280549 -0.968607580173 0.272508573554 -0.684562613239 0.171343418793 1.06438959831 -0.696289468773 -0.798487784646 -0.130882908523 0.661385892741 -0.130980563006 -1.00938658461 1.04063476087 0.46048725613 0.842026594455 -0.226831322594 -0.463045617792 -0.0612975572431 0.594243614205
0.374984312977 -0.378387624502 0.750201878393 -0.871012318129 -0.57332888189 0.926473551475 -0.897245239775 -0.390006156357 0.579328082686 0.0558573984031 -0.213631752732 0.757840496856 -0.173408405792 0.416465946058 0.664319745588 -0.102685986075 -0.866086838768 -0.38503001208 0.0544222449606
0.2192880261 0.673418996154 0.410408574835 -0.549045696355 -1.22317359386 0.784650915996 0.374834347545 -1.08360130133 -0.983261623979 -0.338007968501 0.244686372099 0.436093216001 1.15581065061 0.40946520573 0.270876866204 0.870551830934 -0.200715382656 0.760982063059 -0.174664600523
0.462540601215 0.406161459967 0.523365961734 0.0986024296736 0.300597440548 -0.910582858421 0.613397305356 -0.618782359222 0.584410443999 0.538568914279 -0.568650650557 0.0135930014575 0.128168645607 -0.44709568011 -0.697680512454 -0.357101760175 -0.984453951695 -0.161988119861 -0.927750488129
0.237412404503 0.434142192333 -0.299853004943 0.533256506605 0.072859272578 -1.75207499452 -1.69773555213 0.894366871297 -0.789898128639 0.803093416481 0.164542315586 0.548440632934 -1.05442995101 0.434225533275 1.01272623199 0.469147870067 -0.446656498501 0.0443691696062 -1.01928515326
0.277517908804 -0.605043788277 0.716382014073 0.638334363651 0.186967105233 -1.11921459876 0.153319409037 0.813007458237 -0.295033030276 1.05325463483 -0.334073853307 0.934646351223 0.710009927261 -0.516954247055 0.236867531672 0.00693295527364 -0.0155094110517 0.672282046411 -0.953638937356
0.988581118606 -0.176121598271 -0.202604754953 0.190351662814 0.977751062822 -0.802580072516 0.457811144457 -0.776007167506 -0.450936423295 -0.363945465148 0.280286510913 0.370736319807 -0.0497043248533 -0.106618071439 -0.00596016499581 0.668335340252 0.895504969114 -0.232960365464 0.400135228756
-0.767353051448 0.156513069933 0.647494892051 0.424996115594 -0.154595324707 -0.312947906469 -0.0936160268691 -0.55515428541 -0.862848775706 -0.999590007212 0.753852051727 -0.690769965052 -0.534781684671 -0.259431254616 -0.133301989532 -0.291272412908 -0.789828308041 0.743605649656 0.368522344369
-0.42577519027 0.71865204976 0.425018484958 1.00379637272 -0.7848297965 1.61715754995 1.15864237825 -1.0621985364 0.813447038839 0.00169754037605 -0.204092037803 0.192488735964 0.933744209391 -0.182725085554 -0.83777941932 -0.312273067837 0.2707048581 -0.679191188172 0.242900090345
0.50173940718 -0.592139180824 -0.713728769493 -0.199896435692 -0.25648645431 -0.667771088234 0.288458240281 0.836909440829 -0.259471764208 0.71783102281 0.568958061801 0.794148775997 -0.13624587971 -0.884526703823 0.700466335642 0.822034117375 -0.000103780082994 -0.452371790294 0.533880621351
-0.950879462266 -0.560801840884 -0.796798739882 -0.721351536876 1.13999687746 1.22638950172 -1.07722160109 0.520005992509 0.159540846923 0.570405762073 0.0981955532161 0.169154629589 -0.326135123122 0.340665587389 0.189817288378 -0.991176726566 0.561160825207 -0.402822667025 -0.0172017052615
0.683499573451 -0.471979561913 -0.984861990837 -0.744521036416 0.913287861996 0.161287581951 -0.0692801061322 0.301882548622 0.0379087060415 0.247691660096 0.321647676702 0.771827010402 -0.502242117739 0.422226212504 0.216875708812 0.863027467032 -0.707720977942 0.118754039102 -0.987480474815
0.123136799644 0.595725614337 -0.890775735655 -0.586247971929 0.99255009239 0.670835666659 0.192547739044 -0.282716362849 -0.879790946964 0.430563825387 -0.735842146522 0.183757239639 0.252796124544 0.250223577802 1.25085655665 0.115512802513 -0.855362840646 -0.633202451439 -0.850009758482
-0.266027432782 -0.201056245024 -0.152542712558 0.598397586712 0.959769346227 -0.00972158777911 0.623394908239 0.752879142361 -0.531532448166 0.592202244222 -0.127223538536 0.192169724754 -0.503880715378 0.302409511667 -1.08056147614 -0.208575880165 -0.206264562128 0.301976858723 -0.819789655783
0.857268619721 -0.928175834307 -0.621852691145 -0.827164663303 -0.590768870233 0.388532584841 0.145035676972 -0.250584446797 -0.834667309584 -0.462387306679 0.688295591658 0.191463770212 0.815222720158 -0.71504578349 0.887227057388 0.849539229329 0.570279329677 -0.755796240728 -0.196102156434
0.898065885438 0.0415702006683 -0.958317480429 -0.636758980516 -0.661462060839 -0.0977013131984 0.310790201637 1.03301123515 -0.0803338139414 0.582271208702 0.199050413621 0.194509047395 -0.585412441382 -0.657941642622 -0.856121783064 -0.974983223007 -0.653957508455 -0.95367067845 -0.921013473046
0.845335839251 -0.560794800438 0.476430905474 0.254654740632 -0.20617448667 -1.39916759796 0.00863145387639 0.515912156663 -0.410317568447 0.584872811201 0.592324923519 -0.776732448088 -0.0663145175202 0.0606043962817 -0.612862599015 0.0111157787721 0.540991324844 0.713803101271 0.0215578336651
-0.979126303867 0.657302161707 -0.509342307569 -1.51841444792 0.206226663601 -1.13038551281 -0.434459761408 0.771703020018 -0.30024462918 1.06232842025 0.142048953786 2.11756133995 -0.991431743015 0.777551599239 0.269106591258 -1.13531087396 -0.420495148035 -0.631528427718 -0.0416104857369
0.854297394369 -0.398488769773 0.559473214319 1.1351068231 -0.391465893998 0.824586181087 0.197604265229 -1.02095243971 -0.630220080286 -0.501423677727 -0.0327679910621 -0.868912808824 1.0096766926 -0.607712616619 -0.790613698629 0.170779622878 -0.544528584759 -0.267582171931 0.104553085296
0.641663350126 -1.06270862089 0.0794808560364 -0.15406868356 0.144848499889 1.78979876101 0.567754252998 0.390016630193 0.621086660841 -0.176895883421 0.703348971969 -1.28118621418 1.27379012724 -0.0843317631928 -0.0556074817582 -0.541355217469 -0.970707387483 0.0251424669313 -0.0943228772328
0.861771045688 0.13629111347 0.259132583543 0.242878228304 -0.415824451038 1.43927244171 -0.144104966023 -1.12242811094 -0.689888045597 -1.46880141187 -0.873400289547 -1.44434175319 -0.240818687126 -0.0805130979196 -1.64213350801 0.176416573173 -0.242485015692 -0.0664754964198 1.30097641375
0.17890996801 0.713036262045 -0.0600574474281 -0.537983752225 0.799851255712 -0.154099176391 0.67220224513 -0.401009837779 0.873848571322 0.597082166981 0.134412464081 -0.781101335418 -0.0126527250247 0.0376037464258 -0.387122341058 0.870124291416 -0.275279589801 -0.989675978869 -0.119804384319
-0.192990754352 -0.197012036655 -0.0388707240764 0.819838920904 -0.369416074747 -0.955837929393 -0.921907952628 0.0213329272854 -0.692578092752 0.772895674766 0.821223858505 0.816895802286 0.50461517844 -0.671646359024 -0.75485549889 0.766603653439 0.3434797635 0.717356655054 -1.0205175318
0.607022110464 0.524541242952 0.592240547436 -0.423468580456 0.568238622397 -1.01801599611 0.460089183647 -0.00286758266508 0.0532005632093 -0.481264247851 0.0233255392808 0.300397804379 -0.278128995227 -0.271525017539 0.440625039005 -0.188335652199 -0.893619162528 0.762535240002 0.720074518288
0.415422922287 -0.0324926893319 0.0148683716909 -0.0393947579627 -0.73943370969 1.2651332882 0.00310438508096 -1.07336873357 -0.663367688727 -1.14403853233 -0.613530488399 0.219027068863 1.41595064526 -0.472112909788 -0.104477651931 0.426213982749 -0.697744916572 0.605752267469 0.59095172079
-0.608142215489 0.166155488407 0.781621227372 0.161717083981 0.384866212168 -0.357820075411 0.543356088894 0.805423379235 0.696563669345 -0.523565688428 0.794670513222 -0.156162229202 -0.361635041879 0.7765138534 -0.361187136052 0.527672705961 -0.990118661107 -0.542147280107 0.472075674663
-0.344014894993 0.956637740875 -0.893841670518 1.25276862448 -0.383068225715 1.78381967692 -0.155617225288 -0.723941759349 -0.794042326644 -0.83173754064 -0.586031815778 -0.174212734049 0.399511513121 0.64544785143 -1.06972935286 0.0254827406419 -0.771075582684 -0.0317003144119 1.29974676669
0.682188679654 0.600510797276 0.517766056013 -1.1262127272 -0.755877376448 -1.04735746567 0.535567320575 0.406862974811 0.0607931116533 0.830924275388 0.41356661238 0.463443305065 0.143798443087 -0.131319584372 0.500638973971 0.0574063368524 0.296357858539 -0.336619629969 -0.947840959087
0.317494655665 -1.0105173975 -0.665608218242 0.125137331511 -0.607472465286 -0.0983976634955 -0.259627505359 0.490027176052 0.479224967753 0.138496799687 0.133118862096 0.413539732996 -0.545480253404 0.277999175591 -0.470226258778 -0.717116331807 -0.206766266609 0.0409384911206 -0.364259818835
0.0774832115963 0.443319637748 0.223176325407 0.616534131834 0.491733085146 -0.00303171328787 -0.609026105459 -0.392903618388 -0.796252072793 -0.385050874299 0.8857433338 -0.00453602399073 -1.14819060594 -0.665893956704 0.628290135111 -0.352948272468 -0.395297151368 0.80693729744 -0.898784428335
-0.942866577927 -0.0999945384826 -1.02140756827 -1.25516109982 0.174813180528 0.293516013106 0.573617614202 0.303033198799 0.0462457041955 -0.851520074554 0.347591582925 0.400954724852 -0.38453549421 0.0530702152236 -0.103328247948 -0.744784946489 0.0604695695439 -0.511880568094 -0.0127814281728
0.966867480684 0.861105410959 0.0639512571876 -0.0542303220604 0.0558482845854 0.0158348269156 -0.32030518163 0.628890685991 -0.630308587332 -0.49998810187 0.605626128739 -0.648696629257 0.849009543755 -0.38163024166 -0.00459511455981 0.365956457227 0.949367642766 0.205168961463 0.859433007571

-0.704610604947 -0.583073449217 -0.224383958287 -0.0864409749527 -0.259255227922 0.372291461412 -0.445846732746 0.341857151615 -1.04855552835 -1.027307951
-0.571036288894 -0.808252929797 0.0938083150161 -0.342593629646 0.124624301432 -0.273667519279 -0.556776276952 0.499824975229 -0.599106700271 0.310156271378
-1.15965855854 0.526802099058 0.228381134657 0.524790302662 0.392072230368 -0.976452483001 -0.500620735651 0.439349977539 -0.536066957806 0.924055889781
-0.184297240996 0.490266781177 -1.00808804738 -0.53833984921 -1.25493796067 0.253837450938 0.210828732028 -0.730609682423 -0.747584403793 -1.41727236265
-0.702228175372 -1.16556200297 -0.191457204858 0.818882394829 0.762223121696 -1.76919457174 -1.72540745962 -1.07826108306 -1.69837928999 1.09763654698
-0.786962295145 -0.21676169921 0.151268988739 0.838604023864 0.727072769179 -1.10468421467 0.331587175063 -0.67025914397 -0.0431845140422 -0.584657055818
0.652432521585 -0.517053643015 -1.03287967739 -1.41451442081 -0.332933821791 0.976966805459 0.880889860654 -0.223988844645 0.713764653921 0.0988786501961
0.180276482439 0.689443779071 -0.871114978015 0.137739648758 -0.703256485909 -1.00684227443 0.74769975641 0.714792003308 -0.258745601307 0.179880112069
0.560176725665 0.605333522726 0.413279304001 -0.722796829278 0.220215059454 0.0159941835189 0.752637404861 0.288635481289 0.911492397033 -0.752694695177
0.215823260798 -0.144994997978 -0.485681166484 -1.40572414248 -1.4202657762 -1.02623050372 -1.22339278963 0.20824677552 -0.535464917817 -1.33258505524
-0.80127059621 0.534906757021 -0.365643632355 -1.21230988275 -0.800740652896 0.848107153833 0.174085475873 -0.131825359975 0.717358697124 -0.302111817544
-0.532548500555 -0.509851389835 -0.897431286699 0.49575727549 0.87999440802 -0.214740353413 -0.74894445751 -1.24820722798 -0.206987246254 0.945128640612
-0.270781039152 0.753807398221 -0.449773944519 -0.704096068806 0.109503917438 -0.552953916682 0.342062534717 -0.784917683727 0.135858955424 0.545172745699
0.757283413892 -0.320654382049 0.494751485883 -1.59036034421 0.303305067151 1.2069137895 0.0783609833711 -0.163610595069 -0.479664755381 -0.355977482759
-1.0347836234 -0.452946675952 -0.330044699821 -0.547270734085 0.156386951055 0.232512601518 0.13632556979 -0.746290814373 -0.104819641449 0.818619318588
-0.0832947041739 0.864839665157 -0.889990651468 0.603693234466 0.609258223816 -0.0587785055096 0.387603095641 0.659993737183 0.82744151252 0.119091740277
0.527106639477 0.367422462732 0.636203818144 0.065124139693 0.653816980403 0.188988107718 0.290889159812 0.094179425183 -0.514819447404 -0.751216373085
-0.373665306021 -1.05430223021 -0.777139117959 1.41713047313 -0.262108782551 -1.21381357323 -0.328111767751 0.0504548468058 0.248376625294 -0.0742528305196

-1.30206215819 -0.491431773588
-0.0520113992068 -0.0717100870425
0.0152169039167 1.2626498148
-0.747493508582 0.77272914701
-0.900869489127 -1.52457184981
-0.83623136206 -1.00984885781
-1.06628375694 -0.57380294812
-0.465775078967 -0.796041843387
0.148409131003 0.806728407421

0.202058177721

