29
-0.165955990594852 -1.00118540128 0.601957109699 0.287279018174 0.995253287105 -1.39463268146 -1.02708404688 -0.0529401228751 0.67873442707 -5.60274101714 0.994054328848 -0.363649705812 -1.2371748839 0.812295167961 0.172515738404 -0.546933828783 -0.448293890502 0.534359481896 -0.0448422221294 0.21379113364 0.899918830606 0.553400125495 0.757723315201 0.725945748466 0.495953897167 -3.81014594271 0.532174385483 0.29139218203 0.713265908317 -0.824963548267 2.48096219239 -0.86713393012 -1.04850867052 -0.710683039127 0.735936781769 0.831006805977 -0.385974318489
0.4406489868843162 0.668391302849 0.0124429198513 0.0520620543895 1.72417205955 0.257996292737 0.61494464764 -0.177386084233 0.0757228548383 0.924939986962 0.874595077829 -1.4163894113 -1.56132743266 0.445692861912 -0.748425986311 0.845041432678 -0.457293478831 0.642299303613 -1.5250094218 -0.516616219346 0.112320677647 0.895767467826 0.43566526344 0.550431183827 1.23833272797 1.15223263491 0.729485133909 0.541563479539 0.139582725916 -0.824345307716 0.580010880414 4.481207044 1.37176479767 0.472657831597 0.899970193048 0.782850739415 -1.17145212345
-0.9997712503653102 -0.168649776195 -0.767101494179 0.186203395661 -0.487802870061 -0.519558358175 -0.786541942528 -0.348772070233 0.459933118663 0.990420665165 1.34018663026 1.53046685322 -1.56527954952 0.638688802677 -0.807993702385 1.08668093376 -0.291727234864 0.174535839674 0.590253569547 -0.14622824955 0.837740624997 -0.0355045260621 -4.33938232044 0.418289804406 0.314285751344 1.42995314271 0.517353384986 -0.566104647454 1.24350699761 -1.0364150293 -0.0829232475377 -0.207948658415 0.50998388794 -0.124973294146 0.656401804838 -1.35242427946 0.157487469141
-0.39533485473632046 0.955657831965 -0.712225575418 -0.235360549932 1.33857785983 -0.297887809333 -0.0643897657871 -0.299269177286 -0.340969587913 -0.418898685655 -0.168223751672 -0.43486491516 -0.583449182925 -3.77387881033 -0.805324016164 -1.03090313703 2.14103886511 0.477368261317 -0.287824298015 1.56339345563 0.275098783091 -0.849209031985 0.256148001723 -0.465258873405 1.61148288387 0.975932956728 0.450325108771 -1.78420918551 -0.216286064039 -0.678141780156 -0.978651735721 -0.373078622258 -1.81460219128 -1.17896973187 0.705933687826 -1.21531679319 0.792280087392
-0.7064882183657739 -0.959237555048 0.646031588456 0.269119986676 -1.5165684375 -0.0697670137617 -1.55426598489 -0.846866961242 -0.460215247836 0.341809201965 1.20940426143 -1.47228366486 0.424932371558 0.116453444323 -0.855166939226 -1.62488572 -1.23310128892 0.47173962593 -1.50755333916 0.793501250476 -0.226701358341 -0.919482625514 0.618666652136 0.44778286611 0.788579494132 1.21587323779 0.741981713824 1.56981021492 -1.14201631006 -0.775588102634 -0.56140821494 -0.558098741005 -1.36912163693 0.398836199756 -0.798634478468 0.918192943824 0.720213902128
-0.8153228104624044 0.676524666706 1.01735641478 3.23621088359 -0.0549462991959 -0.934383888237 -0.388860929358 -0.996360315208 0.700376674012 0.456361263713 1.10509641469 0.652859139929 0.446951003053 0.729124371399 -0.791983293431 1.97575045101 -0.901851931387 0.41857049088 0.202071672036 -0.0343033376446 -0.0409665920231 0.28784371309 0.745099815662 0.343780821369 0.984075281129 0.379827516271 -0.307016402137 0.0431791735218 0.823203008402 -0.283994446126 -0.208686201596 -0.610768896148 -1.08796508343 -0.289943115253 0.305876363913 -0.583760770581 0.282423822733
-0.6274795772446582 -0.198522981749 -0.780636154082 0.248277585631 1.2621480384 0.0273387663768 -0.467186073642 2.72027152572 -0.301502460221 0.40980072992 -2.77816942637 0.910725514563 0.383633731308 2.11819652782 -0.51985401271 -0.740039794672 -2.06687635873 0.273680883241 -0.563134825833 -1.80494628751 0.200232961444 -1.60747898202 0.448627197138 -4.40041413599 -5.13010353982 1.29480827904 0.348682677934 -0.856927024477 -0.0609771735822 -0.820381434264 0.389108320289 -0.58072821996 -1.16320924463 -0.922667020177 0.410092094355 0.655663027597 0.539453295807
-0.3088785459139045 -0.0602439965181 -1.35509894146 0.285305240781 -0.266738473268 -0.597404465886 0.346882295918 1.34561222215 1.18874880357 0.297226919421 0.567002443277 1.08350738238 0.317837637506 -0.0127259601856 0.453049870265 0.798131293359 -0.263144109532 -1.69002349679 0.74933657733 -0.473379099598 0.0925512797214 1.57144126435 0.621313066519 3.04115377284 0.76519304752 0.423471321196 -0.0408300249491 -0.607816234931 0.36894976398 -1.12959743153 -0.741844233706 -0.603173259871 1.18353854322 2.76236590428 0.221286546 -0.640396465299 1.32819359545
-0.20646505153866013 -2.49120994375 -0.933229609398 -4.25197716178 -0.456494636628 0.280149113166 2.4534715608 0.165177793774 0.451725824019 0.443027568254 0.110755192947 0.316044590115 -0.554290142059 0.574051430733 0.142861015881 0.815956772076 -0.10797828503 -1.79770032914 0.303042153419 0.724164594497 0.847279155356 -0.122383186908 0.563291634754 0.392409289812 1.03620616091 0.733540283829 -0.156463952884 -0.846715804836 0.488950940559 4.02351825056 0.801703211768 -0.624799717578 0.0277597964943 -0.137572441233 0.599432132964 0.380204548107 -0.272621126939

0.0337191179946 -0.501280666941 -0.41894578965 1.21871312637 0.94534964648 -0.424524233 -0.633072128258 0.888739769962 0.200914134023 1.21619319778 -0.0747695379183 1.14953928441 -0.984548884326 0.707176821444 0.744957945124 0.291590283601 -0.0681806065083 0.379093511794 0.178386290166
-0.685737579556 -0.828376899509 -0.836511859412 0.744541592208 0.229866805207 1.30654122589 -0.0581426889952 -0.700392460187 -0.403631410765 -0.741702700118 -0.00473368063198 -0.792476523721 -0.161344291794 -0.646800294543 0.266920611775 -0.322062658538 0.768896406322 0.821386414788 -0.459408394946
0.755242969679 -0.685767799982 0.0968910980254 1.66898947103 0.198507685274 2.16730302803 0.685708855436 -1.15110115752 0.374327432481 0.233326313312 -0.568293537464 -0.797353939758 -0.528287655372 -0.420623636882 -0.321387893691 -0.460201903209 0.0134099171713 -0.976539183627 1.1272604358
0.551452278641 0.523465267389 -0.702919947515 0.766661969739 -0.237082730493 -0.0133008701467 0.689138939972 -1.11910551308 0.774862694616 -1.16816679029 0.826707750991 0.627941225065 0.269490059086 -0.613612486501 -0.330034261777 -0.22788652441 -0.144087533466 -0.914452865075 0.199933302368
-0.748528395216 -0.966890650473 0.269599280967 -0.689339644868 0.180352150721 1.04871696793 -0.710003909281 -0.788099100921 -0.131056570363 0.669021479112 -0.131409300559 -1.00281689671 1.02850565119 0.459171575062 0.845317894248 -0.227589386462 -0.463441159418 -0.0616175843281 0.584547504059
0.38448264552 0.103563724725 0.87124063459 -1.16980952306 -0.340792071312 1.75617160585 -1.92006290006 -1.06516846427 0.454284777308 -0.369319857691 -0.0393526766501 0.993074467894 -0.195721767148 0.086041531813 1.40556181916 0.0285768011892 -0.928272753048 -0.406322343458 -0.150512549985
0.210780723922 0.623159045858 0.798145430189 -0.190979880884 -1.50439591458 0.906001582497 0.706869192689 -1.57237814742 -0.939008718731 -0.555259072926 0.391687911929 0.241585400533 1.13078279044 0.458277726845 -0.175020051424 0.864778598576 -0.174535850546 0.815188358571 -0.199465246052
0.446288819813 0.359744111764 0.573488073606 0.111387048343 0.342844184131 -1.47206948544 0.658828163454 -0.766172174432 0.523150637547 0.567310411261 -0.390671853237 0.0996301505434 0.277472922036 -0.386280223294 -0.576973394046 -0.277223981739 -0.929714699612 -0.139993228812 -1.00903121506
0.19913273039 0.461703481257 -0.859001290816 1.02596047804 0.353526921745 -2.01058124866 -2.21463248923 0.91958126602 -1.00696642346 0.391935714158 0.0549899521409 0.778681382159 -1.85603149682 -0.0523939746835 1.82068433058 0.413264329167 -0.434912019677 0.0132271712009 -0.984480965144
0.282200108433 -0.820284164779 0.929563966472 0.84297454717 0.0503258385679 -0.930556342547 0.463609342378 1.14313908205 -0.2133777824 1.5161003211 -0.179563790574 0.85898618751 1.34290749647 -0.183696615898 -0.466670443908 -0.146654774939 0.0317991248738 0.644781678265 -0.905622341466
0.981002884297 -0.23740538924 -0.199047313265 0.544343729957 1.45296928828 -0.77611684779 1.00929408159 -0.757360277019 -0.443984936852 -0.419023039171 0.388405271709 1.02077592567 0.615254687082 -0.358128522027 0.751732688234 0.889974113233 0.972265495537 -0.195088601275 1.18707168412
-0.790490137131 0.220967940425 0.589757073369 0.689466930249 -0.337813278472 -0.0385933226805 0.161925656551 -0.6360546052 -0.843634350895 -1.26929930824 0.714557083345 -0.818110545492 -0.30960591222 -0.337597683917 -0.35579921196 -0.320648908255 -0.799828789606 0.739172029058 0.859537387781
-0.436254767034 0.956223169877 0.388017100684 1.18072994089 0.135702353464 1.17403143207 1.23578722739 -0.71170860638 0.892413476938 0.619751091271 -0.0375698292514 0.212536527351 1.50375176867 -0.023504056424 -0.530548515431 -0.466775463518 0.356268121423 -0.757920735354 -0.0227446760325
0.499544475672 -0.590458187568 -0.71110794176 -0.201204799832 -0.256575236756 -0.666124262278 0.289124712583 0.837153960319 -0.260044956542 0.719225635336 0.569146471332 0.795405097469 -0.137566174323 -0.884745549624 0.6998463307 0.822425305674 -0.000269078311043 -0.452079500699 0.531007272572
-0.934010545304 -0.612286502141 -0.822912579264 -0.490131375854 1.57927324137 1.83077650773 -1.07616281626 0.335120338062 0.333319680175 0.748497621999 0.19518472338 -0.151591359368 0.162708927841 0.0894845653357 -0.0769357285558 -1.03318521557 0.673294205079 -0.418858266628 0.55400583852
0.647255810712 -0.493723902538 -0.88363344849 -0.997702266404 0.700780605953 -0.0695549828808 -0.190109396473 0.331615141924 0.0162307949708 0.358001346176 0.345935537991 1.23637217859 -0.816784163821 0.480167370048 0.129711055887 0.881590390926 -0.706060229576 0.165974512751 -1.166081795
0.120468437459 0.787917239776 -0.732692547604 -0.633080764894 1.7096210493 0.830966952411 -0.166554622761 -0.470139050002 -1.11358821527 1.29038702334 -0.900228888675 -0.613903827018 0.486729130341 0.263767007913 1.7042763952 0.185578015181 -0.840405827865 -0.636082688418 -1.42929023058
-0.294478757187 -0.247993169491 -0.103967921148 0.534064178349 1.35493133785 -0.307837725707 0.728063243457 1.04007945741 -0.404294792355 0.811515879519 -0.0441260690735 0.306310175096 -0.163511982446 0.442835485524 -1.15862014082 -0.163059326449 -0.095547997022 0.291699407498 -1.25519111989
0.856188542381 -0.869742555552 -0.988240962614 -1.28419244436 -0.811042376741 0.779549952756 0.446483370688 -0.732523288757 -1.08304147888 -1.1127084057 0.609661979657 -0.134839019186 0.944825988252 -0.809713798458 1.13822715686 0.907033342323 0.610628935861 -0.659870037402 -0.134760445279
0.896849147082 -0.00731415626886 -0.901416753707 -0.598140659647 -0.657700210647 -0.364073755566 0.434986294003 0.774602163948 -0.138073313796 0.553198321392 0.312911387374 0.120598918594 -0.317706454837 -0.628889685347 -0.890739965048 -0.931394741563 -0.596314134427 -0.938693200165 -0.986857831348
0.853656980726 -0.68424915324 0.880848156662 0.410843021554 0.0121559938461 -1.75116583626 0.114626904665 0.162294021095 -0.321772499015 0.325168669907 0.666954441062 -0.531822291904 -0.0249420316913 0.176136045319 -0.738136607502 -0.0214537565125 0.584879801268 0.75088754805 -0.354681507452
-0.996939582882 0.529540148715 -0.502725098183 -1.60079223002 -0.892252000016 -0.964378765912 -0.168107990912 0.949423924838 -0.474337827286 1.33280676519 0.0980179913577 2.02094234362 -1.41826632382 0.938720070518 -0.471787269411 -1.22986025905 -0.313312175948 -0.42145280909 -0.398633117089
0.85547662914 -0.302289284545 0.391157450898 0.480574576239 -0.379997488613 0.574886193522 -0.165123487856 -1.49612793262 -0.797445720359 -0.485129289834 0.000283770177232 -0.956749265597 1.3755580766 -0.847339743214 -0.383877475328 0.0427464341098 -0.513399330714 -0.236014368023 0.0966749313887
0.671880486885 -1.27694162005 -0.214513397839 -0.962797683861 -0.000940208969501 1.7806200089 0.548669270111 0.0417672137776 0.300286407983 -0.514386042981 0.587628688207 -2.11165245595 1.35419919786 -0.211748344928 -0.201256864603 -0.648937926573 -0.96255122071 -0.00777272747467 -0.0989832884686
0.900997766743 0.0407211250475 0.631566936216 0.169072457823 0.146861491638 0.442220069593 -0.235842424894 -1.29950233058 -0.589958659604 -1.50828202736 -0.737295585571 -0.664132295167 -0.744380559474 0.0621763590014 -1.64857136735 0.193381628378 -0.299575040874 -0.0752392857736 1.09913665952
0.182302518495 0.669117484507 -0.00694751835194 -0.485964779662 0.790382557242 -0.384453208262 0.807566456685 -0.673309660499 0.81152681489 0.5442182895 0.244541857547 -0.878260828549 0.268981011605 0.0574910844858 -0.424697864474 0.912174638594 -0.217948604194 -0.974233990764 -0.16300840304
-0.233886422304 -0.0721291568658 0.108453894858 1.11896743179 -0.211989384273 -1.38059773631 -1.21863490462 -0.43782730557 -0.845567863499 0.653691098435 0.91753628689 1.03952570789 0.415997447598 -0.68926181508 -0.51546632905 0.70285559525 0.273510516259 0.724505647426 -0.952157926337
0.59264942392 0.569619321078 0.511117019207 -0.242358923461 0.627609948773 -1.28272540657 0.295273681175 -0.207613014611 -0.0437649832128 -0.388550638519 0.275599586742 0.290771511025 -0.146595365955 -0.285255344071 0.747913105903 -0.164751641592 -0.845343615652 0.816042191346 1.08504069249
0.419024858958 0.0297523063334 0.252898974745 0.173491429889 -0.454262370588 1.61486077853 -0.376508411334 -1.46153687596 -0.719956395728 -1.08515316658 -0.305436713138 0.311181606565 2.21554325382 -0.579529580825 0.474909342159 0.525584831326 -0.720186903031 0.621842814863 1.27095903098
-0.603228067307 0.238153547885 1.06182810894 -0.0926314131852 0.812639879344 -1.42031233842 0.147674672626 0.865928378705 0.763499299908 -0.292246173991 1.00757730345 -0.837682454427 -0.389534377571 0.925950932742 -0.32940841579 0.653622811271 -0.94432076593 -0.577362709668 -0.162981567734
-0.350103254657 1.00958554259 -1.18488992469 1.54003371563 -0.915025486801 1.40138194913 -0.617313178133 -1.30923164734 -0.860767668188 -1.2487863846 -0.589138838141 -0.565985703674 -0.320579075713 0.597802164187 -1.50013536933 -0.0242259457034 -0.825916504045 -0.00503205730759 1.60035070989
0.654741911901 0.51533746242 0.323641826491 -1.25310541153 -0.823093926941 -1.21118899382 0.334558310236 0.648734926163 0.08937774905 1.37131030289 0.393713748943 0.527201155221 -0.169268164996 -0.0553436780163 0.490810871101 0.0325642569007 0.308928613792 -0.347036893315 -1.25564350419
0.316465273138 -1.21641811257 -1.17466963709 0.363102110708 -1.38104082336 0.0935176952317 -0.503562384054 0.948202919005 0.721876427671 -0.212093158987 0.0945609959134 1.57960582989 -1.69983865743 0.349827431136 -1.14848882712 -0.991625914832 -0.134138011843 0.0370742570454 0.0628661492621
0.0773139662691 0.3945507875 0.280234198787 0.655723544853 0.49460865912 -0.267556947418 -0.484064938801 -0.652028315944 -0.853904042595 -0.415288737301 0.999214816228 -0.0797107132427 -0.879115276958 -0.6369795493 0.592641017152 -0.309564568758 -0.337684733403 0.822024788503 -0.964351380188
-0.966069240981 -0.0864274893105 -1.6353472604 -1.54377699941 0.102089758036 0.615539251228 0.683420603456 1.07582479511 0.020990171226 -0.984403334719 0.205768653533 0.523704265448 -0.996634218663 -0.0634952276881 -0.43492904537 -1.01243220243 0.0905409083779 -0.660522544711 0.0879488920356
0.977117221989 0.757636460887 -0.0664229365932 0.100136115522 -0.185307974616 -0.0159481440524 -0.07062456467 0.614625866533 -0.637619461717 -0.61330959494 0.672107713345 -0.818311091205 1.29758837888 -0.43654972815 -0.206378612361 0.419929356609 1.01109725444 0.216692422549 1.09712031352

-0.753267556087 -0.866089236156 -0.290937292311 0.311421370772 -0.214312931722 0.361713378878 -0.653147370736 0.186838251388 -1.15772074249 -1.1872327404
-0.514142103287 -0.939617309231 0.0860482173719 -1.60588659321 -0.0872783372865 -0.65422603675 -1.09353569271 0.533844685287 -0.896690565008 -0.0366872612386
-1.12042078771 0.383593908167 0.195975589808 1.07117077094 0.0497725480793 -1.72748310782 -0.655027782109 0.298917344999 -0.557637621162 0.746127947615
-0.18126384304 0.387482451321 -1.03100117211 -0.63120575742 -1.62172698257 1.43522743873 0.417369039357 -0.89893350438 -0.77886764874 -1.6717606654
-0.966534789134 -1.154482851 -0.182915618022 1.06172963251 0.900941385522 -2.22483618546 -1.80957043419 -1.02442836394 -1.6576383368 0.947624198945
-0.662220264994 -0.286680233755 0.0657281759228 0.358709877825 1.00249214322 -1.75768209098 0.573571422297 -0.784446186751 0.0115577252244 -0.638223758385
0.393719329952 -0.303958429332 -1.03815625036 -1.46199238628 -0.378465896247 1.32863024175 1.69637745421 -0.10398783073 1.39380705216 0.114100906247
0.122566767066 0.628429871279 -0.896409367827 0.237591129185 -0.570785054892 -1.38079666097 0.703198536773 0.701057873202 -0.29610851034 0.270459929506
0.530278042848 0.669848482538 0.386200131082 -1.10100127287 0.376977184446 0.248509806598 1.14755996056 0.34170950007 1.35332434205 -0.851138435486
0.329259371458 -0.314836470891 -0.56309778183 -1.14865141362 -1.29594022169 -0.810209452731 -1.09647068841 0.0561596574667 -0.486545191323 -1.51275823576
-0.876257596079 0.526288954233 -0.410913333799 -1.34495156246 -0.878820199808 0.574669688587 0.463668409663 -0.171288072052 0.93790621232 -0.568417022605
-0.263725509414 -0.749422345006 -0.969960776212 0.641804501346 1.19995759264 -1.04869823459 -1.14910086893 -1.41137601235 -0.709969057381 0.995315051292
-0.241976388943 0.753873754036 -0.44877236301 -0.905516182547 0.0203903834681 -0.592293806597 0.464676007951 -0.768694127373 0.355244900432 0.537781762928
0.721878176973 -0.20385802585 0.492961041479 -1.59413159055 0.452445274994 1.93450614418 0.442062654094 -0.0423363576906 -0.387111755093 -0.383234792453
-0.99132235665 -0.448647949261 -0.320108553634 -1.37418484647 -0.144237564226 0.420665083676 0.142842249874 -0.692781841472 -0.151021014875 0.668034605655
-0.0256563717034 0.888010534579 -0.891526861166 0.450673224842 0.498085131798 0.0149112060119 0.577610630159 0.667666389438 0.969717422065 0.0786791307061
0.542097300538 0.294073068957 0.616580769623 -0.0771086846524 0.58498155322 -0.412922075697 0.108719676174 0.0274740823636 -0.687795619139 -0.742187748285
-0.438897221418 -1.17973320552 -0.804040884418 1.68103043805 -0.372567612783 -1.33573209374 -0.30166325973 -0.100044942664 0.182726030531 -0.00897838177814

-1.46531386572 -0.505888297872
-0.133625882262 0.00242733138784
0.236502804903 1.84705019083
-0.624073426025 1.23295646712
-0.818672028305 -2.81886854694
-0.717538250353 -1.59551041385
-1.21450497273 -0.483836153174
-0.426944264721 -1.39357437716
-0.0496627764485 0.751486165741

-0.457090344403

