29
-0.165955990594852 -0.902017808299 0.449854745749 0.20735626194 0.72759166229 -1.38519748813 -0.997774938742 -0.17561203723 0.699563952863 -4.97798049858 0.558675133028 -0.668725183345 -0.985707544371 0.609722614599 0.233146032944 -0.41974593581 -0.629025808414 0.724637332425 -0.045330111649 0.0765503897951 0.901748329703 0.642533854144 0.640244190236 0.694313657523 0.64062427358 -3.57395837748 0.530314469317 0.178872832093 0.728902373147 -0.964682000235 1.85180626733 -0.581677388895 -1.1717559349 -0.300156435941 0.735748525064 0.593105324914 -0.223073338516
0.4406489868843162 0.533104143752 0.186948579814 0.181816274067 1.52163498616 0.252230848629 0.593614745863 -0.280267527966 0.158054703603 1.04657873307 0.352824711767 -1.2407070418 -1.61629366818 0.260118445323 -0.712979912188 0.90990625897 -0.331931844444 0.422653404894 -1.32005295891 -0.830870816356 0.11548303959 0.837853472923 0.474837156917 0.709072910392 1.05496627798 0.862477862186 0.724471651144 0.328575973887 0.274412353841 -1.18529140119 0.600619881726 3.88839171636 0.952049898739 0.547255917958 0.900513898603 0.70524606161 -1.11262477924
-0.9997712503653102 0.0753665428904 -0.711917862083 0.194162648519 -0.0663455182861 -0.528876130371 -0.550853727295 -0.296701772613 0.525523633282 0.994064858629 1.39764588675 1.17843053109 -1.34478291143 0.838908302046 -0.820781369355 0.897981710606 -0.420530692436 0.118304287036 0.653689145478 0.0924587619896 0.838547137258 -0.112790884443 -4.26605095424 0.370629099906 0.359453492174 1.29771121254 0.514768047314 -0.243719270582 0.980124279794 -1.00471306118 0.309321351857 -0.326001905792 0.413158787164 -0.510569870825 0.655432645777 -1.05485521773 0.460329276906
-0.39533485473632046 0.608380788812 -0.600061469965 -0.16525765591 1.46367526242 -0.307875731285 -0.0759732440237 -0.318082674635 -0.23935950872 -0.721143204215 0.03062816711 -0.13669953972 -0.444644575313 -3.50627562251 -0.767399689071 -0.712307486572 1.68893110684 0.318802128911 -0.0474653742929 1.34020305683 0.28355515895 -0.998940626633 0.558501121706 -0.283061197073 1.45186925404 0.916372135882 0.44485772809 -1.5314690258 -0.471178649051 -0.504213689979 -0.728274976473 -0.517495059108 -1.39827369264 -1.13764898441 0.70497174431 -0.925432878541 0.741771975281
-0.7064882183657739 -0.615849712376 0.354385562025 0.23365884302 -1.22371813592 -0.0644658912858 -1.31055352508 -0.822986851849 -0.446865180728 0.498137569358 1.16548897113 -1.27641453549 0.638852614208 0.248810313868 -0.867113592281 -1.36954207499 -0.766425496312 0.646670987701 -1.23106320551 0.78076040024 -0.220474893408 -0.679048129265 0.613944475706 0.420123070442 0.626112185208 1.22641947989 0.742973462841 1.85685662587 -0.949091608692 -0.801426653639 -0.606759772209 -0.398993441044 -1.28377685793 0.348424641686 -0.799125084554 0.898578659099 1.05906252073
-0.8153228104624044 0.195899759724 0.956346677431 2.69155827928 -0.0290810338953 -0.943449034976 -0.205778797556 -0.740412300362 0.831216882647 0.274881482276 0.803784321703 0.633733459877 0.350738358325 0.675371475629 -0.753973947548 1.71507597706 -0.584749003961 0.59250341299 0.358971078678 -0.184898771515 -0.0363194588901 0.473118075039 0.599259273686 0.410403094422 0.63913592441 0.685802881007 -0.315326483671 -0.283131857079 0.709433707599 -0.126699405479 -0.103129884526 -0.501196363905 -0.833963618847 -0.26174759679 0.304780921287 -0.42981804788 0.148084478522
-0.6274795772446582 -0.113167966959 -0.748768760894 0.292735961137 1.36135505832 0.0141459905531 -0.177070392789 2.28397743168 -0.144347988687 0.602015504627 -2.5505155892 0.752566860678 0.228314928361 1.81949651018 -0.468132129197 -0.792578004359 -1.78690154916 0.168361861607 -0.581984403103 -1.28815817451 0.206026845258 -1.49563836347 0.495604537763 -4.19199533826 -4.43998688831 0.949108074128 0.344336005032 -0.802077105855 0.132647828148 -0.885788684657 0.0705235508197 -0.36869593478 -0.892955577479 -0.814689459271 0.410044547802 0.581708237301 0.393940995133
-0.3088785459139045 0.0155131170012 -1.352672381 0.207958724382 -0.453858997293 -0.607229051815 -0.0939893178353 1.24874566108 0.988723121456 0.315771240561 0.472284051343 1.04891614026 0.416591571333 0.0680233835475 0.521365056863 0.695614540993 -0.223286810005 -1.67753161944 0.380534565019 -0.645947265532 0.0956076977205 1.19829466603 0.637648347723 2.36870526549 0.784388807685 0.451019926651 -0.0551548806528 -0.650863302964 0.54930433687 -1.07280172754 -0.642669343486 -0.420539508101 0.760721377513 2.22799994277 0.221234259257 -0.502640402179 0.8410099827
-0.20646505153866013 -2.17592054931 -1.13442253312 -3.88088470873 -0.534131401524 0.271809787302 1.91239992044 0.225180670292 0.443124226363 0.541186316665 0.290675834274 0.669134765015 -0.578304892213 0.592674135757 0.186550046467 0.740553299469 -0.0253377174763 -1.55698856702 0.388174908548 0.748718046975 0.845435413687 -0.28974813876 0.535831657614 0.613705470517 1.04687363394 0.89898446526 -0.163237609871 -0.434789251481 0.372858157358 3.81352511361 0.716202701555 -0.649180332922 0.163385445569 0.0999703383124 0.600853883574 0.126522293813 -0.279713010641

0.0392686782238 -0.383530743595 -0.43140433885 1.01185765221 0.879401185667 -0.425742754245 -0.623688099518 0.82972284118 0.200305976184 0.956346155728 -0.100836186381 1.18984461987 -1.03146302023 0.750969410201 0.591825798221 0.236456629068 -0.100438623501 0.38637475367 0.198137395695
-0.694898793453 -0.866747282412 -0.832761019614 0.729374967057 0.259484723835 1.16844048064 -0.0519990007071 -0.572948415488 -0.389071841471 -0.694287599753 -0.00660605049951 -0.760669441398 -0.185575068499 -0.640363299848 0.318160327462 -0.324460970988 0.766178112589 0.81889811866 -0.444066491046
0.752075863415 -0.703862988584 -0.0280646465612 1.28307567152 0.175937819174 1.55029882833 0.330761101677 -0.979818495104 0.27390013329 0.117968070553 -0.662860272125 -0.698410229445 -0.27173331747 -0.319395804534 -0.297063193171 -0.558715745352 -0.0593635072268 -0.973876260105 1.31906603405
0.557827871809 0.643067566215 -0.615779062329 0.922200768164 -0.27423100834 0.24576196088 0.764417073064 -1.19627124868 0.796387010355 -1.27886108891 0.738347975576 0.574507588628 0.354833259543 -0.602635240832 -0.384168412609 -0.29321602619 -0.247478401068 -0.899876002597 0.406096619877
-0.74993830235 -0.967063773553 0.269983010747 -0.688391391263 0.179283150324 1.04972423538 -0.70764278035 -0.788177026648 -0.130942535468 0.669082283019 -0.131210872057 -1.00172735829 1.02893162252 0.459191845855 0.845188241573 -0.227361006424 -0.463433577767 -0.0613943647671 0.58543264791
0.383567394456 -0.181011887408 0.908404122618 -0.933572013991 -0.347255346567 1.13846250352 -1.43649037213 -0.718719411278 0.587843296409 -0.0540822068367 -0.067923170901 1.08019557664 -0.0868072633831 0.309515205551 1.12556816346 0.00409331044989 -0.883376181655 -0.373205785173 0.0079625945195
0.200068884695 0.668103691857 0.68312144095 -0.181777728991 -1.22906129976 0.849098299134 0.61532330736 -1.51181412529 -0.906356150691 -0.488029887325 0.361049705452 0.229799009823 1.32497693203 0.504803877815 -0.19034408247 0.854295871973 -0.207534299279 0.763037995289 -0.206013039591
0.456374359699 0.314826702669 0.572255203833 0.172038102332 0.297660023793 -1.21402437675 0.562415231939 -0.737659947204 0.540058501587 0.519816553855 -0.52052978993 0.0577329903475 0.245555690169 -0.381648078649 -0.58654554973 -0.340440843386 -0.961378104693 -0.181153406973 -0.985079797198
0.219453990662 0.390102642731 -0.57670091483 0.841204599005 -0.156709690536 -2.14497373998 -1.98791372497 1.09470622704 -0.905108892679 0.500321109179 0.0109680121622 0.842160727468 -1.55095109911 0.211329072482 1.36682658194 0.24245272185 -0.455722883992 0.0354358831942 -0.895790268382
0.261833172785 -0.791672285897 0.920856269918 0.829284249943 -0.119780564632 -1.04075356267 0.426902579607 0.818870452156 -0.197725866627 1.20242341444 -0.333580225053 0.704025708754 1.08979795495 -0.218994275294 -0.446927634307 -0.211471737034 0.0137210268844 0.674861789144 -0.773091006235
0.985275653005 -0.202852855392 -0.201833984177 0.297018960141 1.49902993447 -1.0052572967 0.617690164987 -0.689873147565 -0.452257850266 -0.147362330263 0.28654553448 0.933092995232 0.223342891165 -0.175555893373 0.772934090784 0.768238354035 0.927366304597 -0.262707373998 0.689403962886
-0.774019850232 0.216316852093 0.661301261651 0.627307751966 -0.281128504439 -0.124151470973 0.138386579867 -0.63151660396 -0.847551489751 -1.23101059565 0.72531221712 -0.75908747575 -0.258802176789 -0.30061684549 -0.326707565356 -0.313431920822 -0.80169221666 0.745386487349 0.743654758867
-0.437394996975 0.668114467298 0.32869727735 1.22351040376 -0.13569552731 1.200843054 1.15838077436 -0.557911821771 0.896847566007 0.497843570036 -0.0761557508775 0.465382097735 1.13032156641 -0.0393380747957 -1.07477061298 -0.408351564934 0.288372446225 -0.767702975169 0.248214011662
0.508183415181 -0.592915762732 -0.713762357241 -0.202789546037 -0.255226891916 -0.667742842155 0.288379390033 0.84025886032 -0.2591933494 0.722266762508 0.569073002575 0.796569332658 -0.140265027712 -0.88353230149 0.700299119757 0.822454303552 0.000155117615365 -0.45245974844 0.52987547904
-0.931617215221 -0.682423554928 -0.861428609863 -0.657686091605 1.23874421661 1.6612157882 -1.13753389737 0.746661512437 0.233220290583 0.593929438631 0.0985373424443 -0.119172737502 0.0726936344286 0.309389059051 0.0740485623327 -1.10990949843 0.626172879151 -0.411194295976 0.45735485291
0.662532752304 -0.502305402473 -0.925100732979 -0.870560425915 0.836517221396 0.0495111986741 -0.145815054572 0.394112706441 9.78761777557e-05 0.336558296661 0.307679361541 1.03645367512 -0.695785380456 0.453442416805 0.313761041832 0.877858999414 -0.697413679991 0.143967499534 -1.15892809753
0.127484636583 0.63263816219 -0.934457301429 -0.926470896921 1.31177383339 0.388776674556 -0.0926530339318 -0.241463294978 -1.03375154857 0.911080091748 -1.01136619399 -0.213568643832 0.355990883892 0.297594618823 1.47211487174 0.0945479961185 -0.851046144454 -0.627815402018 -1.16154382641
-0.276725041108 -0.218817404523 -0.0281713617478 0.663641061416 1.18551572837 -0.251132451182 0.703966999127 0.818165347897 -0.45342446923 0.872704671763 -0.0157742979051 0.253941621009 -0.515533674648 0.399792380281 -1.15399573294 -0.178728551575 -0.177714841908 0.303156444472 -1.18584691968
0.84978405314 -0.886264764155 -0.760139326796 -1.05629414557 -0.73160633893 0.384969146431 0.250221487091 -0.713677690156 -1.03516666969 -1.05071968298 0.554793365803 -0.0162082648945 0.856955074155 -0.821670831411 1.23063047403 0.86880426281 0.591980659741 -0.729028397897 -0.251040409405
0.897741783398 -0.0518117789924 -0.912956177423 -0.538040912051 -0.724453293198 -0.237090466671 0.328632371134 0.835622961483 -0.122787257101 0.513541531442 0.209596053104 0.126379865997 -0.425716947588 -0.603113132335 -0.86166552939 -0.975949684864 -0.62990534488 -0.970656736713 -0.959508292061
0.848135861484 -0.806299061888 0.620432636083 0.314925892506 -0.216424744046 -1.3381789433 -0.0145764397133 0.292455774612 -0.394103849216 0.438249746656 0.658339977113 -0.670354887335 -0.124627764289 0.239621989108 -0.63687970706 0.00769270159738 0.569419638134 0.714029891425 -0.132024124887
-0.991865494522 0.538905156103 -0.594372046102 -1.33222758939 -0.557735114417 -0.951274560677 -0.428822316203 0.912882183818 -0.449085725227 1.16874459355 0.0735974507424 1.87382164002 -1.2725939869 0.796777183889 0.11029065969 -1.20485220242 -0.361581281165 -0.600119809708 -0.143827497167
0.857081505693 -0.480795140738 0.465603718053 0.832077114267 -0.51476082646 0.702372115472 -0.107723115627 -1.3423085245 -0.747747436098 -0.575615301287 -0.0810176962982 -0.870204872723 1.23914918551 -0.738644904312 -0.345475533718 0.158780809142 -0.505555719561 -0.281590567213 0.12175695695
0.673531355121 -1.18343249672 0.0670138437712 -0.476119780545 -0.324004036254 1.7118498101 0.639571331199 -0.0155962857554 0.462625889053 -0.546229647265 0.593143845672 -1.94177075313 1.55480055257 -0.109372879236 -0.231348617165 -0.631945021039 -0.967284042459 0.0321708366262 -0.0441338455966
0.898732328695 0.0769513711665 0.409334315582 0.0644692528954 -0.231917016954 0.859468985802 -0.313261015364 -0.953966680131 -0.61827650329 -1.52948246179 -0.868263310544 -0.901300860252 -0.533298430146 -0.0126262072961 -1.60910150205 0.12415590914 -0.27061163544 -0.0860210516961 1.18045725932
0.180977806401 0.622653012128 -0.0160522431621 -0.428405640157 0.72581945504 -0.264126057546 0.70048681429 -0.609925170492 0.828196676484 0.509018982033 0.14160759781 -0.867396988973 0.159416550936 0.0856999064644 -0.395296978127 0.868153702093 -0.2513429945 -1.00635367505 -0.140029168145
-0.216272992713 -0.181890690677 -0.0248151788425 1.01064265951 -0.199113104306 -1.13270083348 -1.30235811544 -0.0385858299309 -0.824301736159 0.649197311598 0.858862489736 1.00627661302 0.390156539012 -0.678781925296 -0.53633099287 0.80601883447 0.286514508769 0.662648672884 -1.04145231467
0.591794784529 0.452017364152 0.531425434693 -0.223556719528 0.654111494422 -1.23204903497 0.290674394278 0.0247916726831 -0.0201494661267 -0.43510082351 0.114755319884 0.353184295069 -0.139357235119 -0.234389874861 0.745247526079 -0.192436535298 -0.857111308742 0.743454366469 0.881883629921
0.408408673379 0.0440572240739 0.23132842054 0.208069680466 -0.457012878714 1.47266541014 -0.32683006003 -1.46832656739 -0.711014513838 -1.28586467379 -0.382923028932 0.229420129333 2.03239955917 -0.530672060355 0.163864364024 0.461263080383 -0.726478913171 0.595756690202 1.05425686845
-0.609078933828 0.0680161468479 0.935663555345 0.0954195875688 0.540654220017 -1.11242116113 0.352858205494 0.720015966679 0.70648114612 -0.29456960637 0.906642655822 -0.444463233999 -0.413564226004 0.879381254736 -0.472992376822 0.62112005131 -0.974267680041 -0.574265549605 0.00215906304689
-0.348182844013 0.739342083307 -1.08295820548 1.46295852411 -1.03418761625 1.57918201461 -0.516585884583 -0.737391673968 -0.846842820694 -1.17681781125 -0.645999849203 -0.543161283621 -0.173459514164 0.707075697087 -1.35784142287 -0.0634806019948 -0.794337641619 -0.0322403684082 1.52429734145
0.657490512697 0.486947972095 0.357525451118 -1.34453255067 -0.839384238444 -1.20589408155 0.38248740526 0.623101204125 0.0613955638375 1.04412390556 0.383744272336 0.623886004392 -0.10450551369 -0.0957728881802 0.50535048793 0.0378161467267 0.304855559737 -0.348816846993 -1.13549300675
0.314514917573 -1.17103897978 -0.83647589884 0.250014505259 -1.03513984242 0.0140226898273 -0.65370588291 0.751827138819 0.61326697129 0.166083960845 0.168288915565 1.15786661505 -1.13376679611 0.390145600694 -0.47474040021 -0.773314353487 -0.159384687181 0.00531748015175 -0.340894483389
0.0772628611267 0.349973283962 0.268529909079 0.715261296093 0.428215386984 -0.141662232669 -0.590864561426 -0.590598826401 -0.838664195861 -0.454446671422 0.896031374092 -0.0732049802074 -0.987972721438 -0.611137529306 0.622189044074 -0.353965197823 -0.371284679467 0.789994000617 -0.93715573589
-0.960058288925 -0.215642156397 -1.42674190633 -1.34348667532 0.259551410996 0.792203484593 0.566062877851 0.945471353728 0.0391307250074 -0.600604246787 0.257146033183 0.453914074068 -0.742194637653 0.0476309841229 -0.39033787287 -0.822146260383 0.104127387783 -0.613800572766 0.0854621964951
0.978194541353 0.762490609153 0.0219316556846 0.110231168797 -0.10378940269 -0.0567874882888 -0.228667960398 0.538839808104 -0.638367525035 -0.589462749624 0.590634624411 -0.762186581464 1.03997164408 -0.400005738699 -0.0582362475453 0.364519493781 0.973643542659 0.18856721182 0.996143104254

-0.797874631863 -0.783005004238 -0.270958078276 0.181825776237 -0.156290929747 0.17722394004 -0.590823800362 0.205248087531 -1.13762626352 -1.15660442396
-0.52575685453 -0.885282454042 0.0946231592632 -1.25598063132 -0.199593546454 -0.573739369254 -0.858285443373 0.497974493453 -0.728029312505 -0.0156777704967
-1.06086139552 0.418241520843 0.206035949929 0.507925730445 0.373619135404 -1.42389520884 -0.786497704823 0.361639953739 -0.639188096377 0.856870668531
-0.247763721123 0.490096409838 -1.01850019178 -0.684477723931 -1.39823367096 1.14602622898 0.480055664135 -0.832596457114 -0.662530964474 -1.60133443628
-0.840784330026 -1.15124759045 -0.181384663025 0.742361968288 0.715412892541 -1.86326459939 -1.74468172834 -1.03179035554 -1.68957238514 0.936704655903
-0.768886818189 -0.334626132544 0.0909051538071 0.589530722401 0.866558053049 -1.39662431122 0.248490399646 -0.791330809519 -0.251026572004 -0.666332618247
0.454966180222 -0.371988687282 -1.03776134503 -1.44611183518 -0.274840070422 1.28420672156 1.29362958849 -0.130832905395 1.0904022142 0.122653560612
0.137840276712 0.642793952705 -0.893491081369 0.162960988801 -0.554617096139 -1.3268971122 0.717421148768 0.699056044579 -0.354719484386 0.262543251619
0.490882705371 0.698161953714 0.39967131773 -0.8157535161 0.345944577772 0.342392527243 1.0339217031 0.342118528826 1.25452482633 -0.812205520064
0.226074893664 -0.269286185117 -0.52958052465 -1.1927946893 -1.42611340546 -0.749788494868 -1.20223561078 0.0796764045028 -0.597882627315 -1.4982648636
-0.869856220671 0.499489613438 -0.390550979314 -1.27269447962 -0.959999886927 0.869365559566 0.280797342527 -0.191486208587 0.766238833569 -0.54526576418
-0.372366262777 -0.715018207751 -0.944088089985 0.83536644983 0.997639097232 -0.981513027793 -1.14213323437 -1.39964337073 -0.601319839971 0.915659192817
-0.216086926807 0.792015569104 -0.445709096185 -0.87291696458 0.0422974337446 -0.519420305601 0.490822058505 -0.767705702945 0.281214241798 0.534259968555
0.751272146381 -0.230692214977 0.503875613459 -1.51728943441 0.319946328126 1.6986780273 0.281961356823 -0.0961049082856 -0.390931704818 -0.439353439862
-1.03577141503 -0.465709228403 -0.316018404834 -1.09086749925 -0.0964967386423 0.559805901862 0.151900347669 -0.727391302061 -0.125984307156 0.680302337809
-0.0592475147811 0.870085145355 -0.891369207846 0.555067887664 0.576148895875 -0.0119692490323 0.468068584837 0.660963139158 0.885034809146 0.0940566774144
0.510125576642 0.291858448761 0.624184150929 -0.0649296752674 0.601745708101 -0.277800211157 0.133849458486 0.0360638923665 -0.618391252573 -0.767608870631
-0.411764503415 -1.13321896928 -0.790673942527 1.54714739377 -0.311595808311 -1.21222311834 -0.323896109885 -0.0448066954477 0.152580840053 -0.0477214210459

-1.40735365546 -0.54871132314
-0.0987250234348 -0.101650933928
0.222774554931 1.76896663442
-0.735779733177 0.937733086707
-0.717158319215 -2.29029196543
-0.794709584704 -1.40859413969
-1.18678549401 -0.485521231836
-0.513676363361 -1.10077776787
-0.0286622437976 0.718207196765

-0.398498757187

