0, 2, 3, 1, 8, 4, 7, 6, 5 = 2
1, 2, 3, 0, 8, 4, 7, 6, 5 = 1
1, 2, 3, 8, 0, 4, 7, 6, 5 = 0
2, 7, 8, 1, 4, 6, 5, 0, 3 = 21
2, 7, 8, 1, 0, 6, 5, 4, 3 = 20
2, 7, 8, 1, 6, 0, 5, 4, 3 = 19
2, 7, 8, 1, 6, 3, 5, 4, 0 = 18
2, 7, 8, 1, 6, 3, 5, 0, 4 = 17
2, 7, 8, 1, 6, 3, 0, 5, 4 = 16
2, 7, 8, 0, 6, 3, 1, 5, 4 = 15
2, 7, 8, 6, 0, 3, 1, 5, 4 = 14
2, 0, 8, 6, 7, 3, 1, 5, 4 = 13
2, 8, 0, 6, 7, 3, 1, 5, 4 = 12
2, 8, 3, 6, 7, 0, 1, 5, 4 = 11
2, 8, 3, 6, 7, 4, 1, 5, 0 = 10
2, 8, 3, 6, 7, 4, 1, 0, 5 = 9
2, 8, 3, 6, 0, 4, 1, 7, 5 = 8
2, 8, 3, 0, 6, 4, 1, 7, 5 = 7
2, 8, 3, 1, 6, 4, 0, 7, 5 = 6
2, 8, 3, 1, 6, 4, 7, 0, 5 = 5
2, 8, 3, 1, 0, 4, 7, 6, 5 = 4
2, 0, 3, 1, 8, 4, 7, 6, 5 = 3
0, 2, 3, 1, 8, 4, 7, 6, 5 = 2
1, 2, 3, 0, 8, 4, 7, 6, 5 = 1
1, 2, 3, 8, 0, 4, 7, 6, 5 = 0
8, 2, 4, 7, 1, 0, 6, 5, 3 = 13
8, 2, 0, 7, 1, 4, 6, 5, 3 = 12
8, 0, 2, 7, 1, 4, 6, 5, 3 = 11
8, 1, 2, 7, 0, 4, 6, 5, 3 = 10
8, 1, 2, 7, 4, 0, 6, 5, 3 = 9
8, 1, 2, 7, 4, 3, 6, 5, 0 = 8
8, 1, 2, 7, 4, 3, 6, 0, 5 = 7
8, 1, 2, 7, 4, 3, 0, 6, 5 = 6
8, 1, 2, 0, 4, 3, 7, 6, 5 = 5
0, 1, 2, 8, 4, 3, 7, 6, 5 = 4
1, 0, 2, 8, 4, 3, 7, 6, 5 = 3
1, 2, 0, 8, 4, 3, 7, 6, 5 = 2
1, 2, 3, 8, 4, 0, 7, 6, 5 = 1
1, 2, 3, 8, 0, 4, 7, 6, 5 = 0
4, 8, 2, 1, 6, 3, 7, 5, 0 = 10
4, 8, 2, 1, 6, 3, 7, 0, 5 = 9
4, 8, 2, 1, 0, 3, 7, 6, 5 = 8
4, 0, 2, 1, 8, 3, 7, 6, 5 = 7
0, 4, 2, 1, 8, 3, 7, 6, 5 = 6
1, 4, 2, 0, 8, 3, 7, 6, 5 = 5
1, 4, 2, 8, 0, 3, 7, 6, 5 = 4
1, 0, 2, 8, 4, 3, 7, 6, 5 = 3
1, 2, 0, 8, 4, 3, 7, 6, 5 = 2
1, 2, 3, 8, 4, 0, 7, 6, 5 = 1
1, 2, 3, 8, 0, 4, 7, 6, 5 = 0
1, 6, 3, 8, 4, 0, 7, 5, 2 = 11
1, 6, 3, 8, 0, 4, 7, 5, 2 = 10
1, 0, 3, 8, 6, 4, 7, 5, 2 = 9
1, 3, 0, 8, 6, 4, 7, 5, 2 = 8
1, 3, 4, 8, 6, 0, 7, 5, 2 = 7
1, 3, 4, 8, 6, 2, 7, 5, 0 = 6
1, 3, 4, 8, 6, 2, 7, 0, 5 = 5
1, 3, 4, 8, 0, 2, 7, 6, 5 = 4
1, 3, 4, 8, 2, 0, 7, 6, 5 = 3
1, 3, 0, 8, 2, 4, 7, 6, 5 = 2
1, 0, 3, 8, 2, 4, 7, 6, 5 = 1
1, 2, 3, 8, 0, 4, 7, 6, 5 = 0
8, 1, 4, 7, 3, 5, 0, 2, 6 = 10
8, 1, 4, 0, 3, 5, 7, 2, 6 = 9
0, 1, 4, 8, 3, 5, 7, 2, 6 = 8
1, 0, 4, 8, 3, 5, 7, 2, 6 = 7
1, 3, 4, 8, 0, 5, 7, 2, 6 = 6
1, 3, 4, 8, 2, 5, 7, 0, 6 = 5
1, 3, 4, 8, 2, 5, 7, 6, 0 = 4
1, 3, 4, 8, 2, 0, 7, 6, 5 = 3
1, 3, 0, 8, 2, 4, 7, 6, 5 = 2
1, 0, 3, 8, 2, 4, 7, 6, 5 = 1
1, 2, 3, 8, 0, 4, 7, 6, 5 = 0
8, 1, 2, 7, 3, 0, 6, 4, 5 = 9
8, 1, 2, 7, 0, 3, 6, 4, 5 = 8
8, 1, 2, 7, 4, 3, 6, 0, 5 = 7
8, 1, 2, 7, 4, 3, 0, 6, 5 = 6
8, 1, 2, 0, 4, 3, 7, 6, 5 = 5
0, 1, 2, 8, 4, 3, 7, 6, 5 = 4
1, 0, 2, 8, 4, 3, 7, 6, 5 = 3
1, 2, 0, 8, 4, 3, 7, 6, 5 = 2
1, 2, 3, 8, 4, 0, 7, 6, 5 = 1
1, 2, 3, 8, 0, 4, 7, 6, 5 = 0
2, 3, 4, 1, 8, 0, 7, 6, 5 = 5
2, 3, 0, 1, 8, 4, 7, 6, 5 = 4
2, 0, 3, 1, 8, 4, 7, 6, 5 = 3
0, 2, 3, 1, 8, 4, 7, 6, 5 = 2
1, 2, 3, 0, 8, 4, 7, 6, 5 = 1
1, 2, 3, 8, 0, 4, 7, 6, 5 = 0
8, 4, 1, 2, 3, 0, 7, 6, 5 = 9
8, 4, 1, 2, 0, 3, 7, 6, 5 = 8
8, 0, 1, 2, 4, 3, 7, 6, 5 = 7
8, 1, 0, 2, 4, 3, 7, 6, 5 = 6
8, 1, 3, 2, 4, 0, 7, 6, 5 = 5
8, 1, 3, 2, 0, 4, 7, 6, 5 = 4
8, 1, 3, 0, 2, 4, 7, 6, 5 = 3
0, 1, 3, 8, 2, 4, 7, 6, 5 = 2
1, 0, 3, 8, 2, 4, 7, 6, 5 = 1
1, 2, 3, 8, 0, 4, 7, 6, 5 = 0
1, 4, 2, 3, 0, 5, 8, 7, 6 = 10
1, 4, 2, 0, 3, 5, 8, 7, 6 = 9
1, 4, 2, 8, 3, 5, 0, 7, 6 = 8
1, 4, 2, 8, 3, 5, 7, 0, 6 = 7
1, 4, 2, 8, 3, 5, 7, 6, 0 = 6
1, 4, 2, 8, 3, 0, 7, 6, 5 = 5
1, 4, 2, 8, 0, 3, 7, 6, 5 = 4
1, 0, 2, 8, 4, 3, 7, 6, 5 = 3
1, 2, 0, 8, 4, 3, 7, 6, 5 = 2
1, 2, 3, 8, 4, 0, 7, 6, 5 = 1
1, 2, 3, 8, 0, 4, 7, 6, 5 = 0
1, 3, 4, 8, 2, 0, 7, 6, 5 = 3
1, 3, 0, 8, 2, 4, 7, 6, 5 = 2
1, 0, 3, 8, 2, 4, 7, 6, 5 = 1
1, 2, 3, 8, 0, 4, 7, 6, 5 = 0
7, 2, 3, 8, 4, 0, 6, 1, 5 = 13
7, 2, 3, 8, 0, 4, 6, 1, 5 = 12
7, 2, 3, 0, 8, 4, 6, 1, 5 = 11
0, 2, 3, 7, 8, 4, 6, 1, 5 = 10
2, 0, 3, 7, 8, 4, 6, 1, 5 = 9
2, 8, 3, 7, 0, 4, 6, 1, 5 = 8
2, 8, 3, 7, 1, 4, 6, 0, 5 = 7
2, 8, 3, 7, 1, 4, 0, 6, 5 = 6
2, 8, 3, 0, 1, 4, 7, 6, 5 = 5
2, 8, 3, 1, 0, 4, 7, 6, 5 = 4
2, 0, 3, 1, 8, 4, 7, 6, 5 = 3
0, 2, 3, 1, 8, 4, 7, 6, 5 = 2
1, 2, 3, 0, 8, 4, 7, 6, 5 = 1
1, 2, 3, 8, 0, 4, 7, 6, 5 = 0
1, 4, 2, 6, 0, 3, 8, 7, 5 = 8
1, 0, 2, 6, 4, 3, 8, 7, 5 = 7
1, 2, 0, 6, 4, 3, 8, 7, 5 = 6
1, 2, 3, 6, 4, 0, 8, 7, 5 = 5
1, 2, 3, 6, 0, 4, 8, 7, 5 = 4
1, 2, 3, 0, 6, 4, 8, 7, 5 = 3
1, 2, 3, 8, 6, 4, 0, 7, 5 = 2
1, 2, 3, 8, 6, 4, 7, 0, 5 = 1
1, 2, 3, 8, 0, 4, 7, 6, 5 = 0
8, 1, 3, 7, 2, 5, 4, 6, 0 = 10
8, 1, 3, 7, 2, 5, 4, 0, 6 = 9
8, 1, 3, 7, 2, 5, 0, 4, 6 = 8
8, 1, 3, 0, 2, 5, 7, 4, 6 = 7
0, 1, 3, 8, 2, 5, 7, 4, 6 = 6
1, 0, 3, 8, 2, 5, 7, 4, 6 = 5
1, 2, 3, 8, 0, 5, 7, 4, 6 = 4
1, 2, 3, 8, 4, 5, 7, 0, 6 = 3
1, 2, 3, 8, 4, 5, 7, 6, 0 = 2
1, 2, 3, 8, 4, 0, 7, 6, 5 = 1
1, 2, 3, 8, 0, 4, 7, 6, 5 = 0
8, 1, 3, 7, 2, 0, 6, 5, 4 = 7
8, 1, 3, 7, 2, 4, 6, 5, 0 = 6
8, 1, 3, 7, 2, 4, 6, 0, 5 = 5
8, 1, 3, 7, 2, 4, 0, 6, 5 = 4
8, 1, 3, 0, 2, 4, 7, 6, 5 = 3
0, 1, 3, 8, 2, 4, 7, 6, 5 = 2
1, 0, 3, 8, 2, 4, 7, 6, 5 = 1
1, 2, 3, 8, 0, 4, 7, 6, 5 = 0
1, 2, 3, 7, 8, 4, 6, 5, 0 = 4
1, 2, 3, 7, 8, 4, 6, 0, 5 = 3
1, 2, 3, 7, 8, 4, 0, 6, 5 = 2
1, 2, 3, 0, 8, 4, 7, 6, 5 = 1
1, 2, 3, 8, 0, 4, 7, 6, 5 = 0
2, 8, 0, 7, 4, 3, 6, 1, 5 = 10
2, 8, 3, 7, 4, 0, 6, 1, 5 = 9
2, 8, 3, 7, 0, 4, 6, 1, 5 = 8
2, 8, 3, 7, 1, 4, 6, 0, 5 = 7
2, 8, 3, 7, 1, 4, 0, 6, 5 = 6
2, 8, 3, 0, 1, 4, 7, 6, 5 = 5
2, 8, 3, 1, 0, 4, 7, 6, 5 = 4
2, 0, 3, 1, 8, 4, 7, 6, 5 = 3
0, 2, 3, 1, 8, 4, 7, 6, 5 = 2
1, 2, 3, 0, 8, 4, 7, 6, 5 = 1
1, 2, 3, 8, 0, 4, 7, 6, 5 = 0
1, 7, 2, 8, 3, 4, 5, 0, 6 = 17
1, 7, 2, 8, 3, 4, 5, 6, 0 = 16
1, 7, 2, 8, 3, 0, 5, 6, 4 = 15
1, 7, 2, 8, 0, 3, 5, 6, 4 = 14
1, 0, 2, 8, 7, 3, 5, 6, 4 = 13
0, 1, 2, 8, 7, 3, 5, 6, 4 = 12
8, 1, 2, 0, 7, 3, 5, 6, 4 = 11
8, 1, 2, 7, 0, 3, 5, 6, 4 = 10
8, 1, 2, 7, 6, 3, 5, 0, 4 = 9
8, 1, 2, 7, 6, 3, 0, 5, 4 = 8
8, 1, 2, 0, 6, 3, 7, 5, 4 = 7
0, 1, 2, 8, 6, 3, 7, 5, 4 = 6
1, 0, 2, 8, 6, 3, 7, 5, 4 = 5
1, 2, 0, 8, 6, 3, 7, 5, 4 = 4
1, 2, 3, 8, 6, 0, 7, 5, 4 = 3
1, 2, 3, 8, 6, 4, 7, 5, 0 = 2
1, 2, 3, 8, 6, 4, 7, 0, 5 = 1
1, 2, 3, 8, 0, 4, 7, 6, 5 = 0
2, 8, 1, 3, 0, 5, 7, 6, 4 = 18
2, 8, 1, 0, 3, 5, 7, 6, 4 = 17
2, 8, 1, 7, 3, 5, 0, 6, 4 = 16
2, 8, 1, 7, 3, 5, 6, 0, 4 = 15
2, 8, 1, 7, 3, 5, 6, 4, 0 = 14
2, 8, 1, 7, 3, 0, 6, 4, 5 = 13
2, 8, 1, 7, 0, 3, 6, 4, 5 = 12
2, 8, 1, 7, 4, 3, 6, 0, 5 = 11
2, 8, 1, 7, 4, 3, 0, 6, 5 = 10
2, 8, 1, 0, 4, 3, 7, 6, 5 = 9
0, 8, 1, 2, 4, 3, 7, 6, 5 = 8
8, 0, 1, 2, 4, 3, 7, 6, 5 = 7
8, 1, 0, 2, 4, 3, 7, 6, 5 = 6
8, 1, 3, 2, 4, 0, 7, 6, 5 = 5
8, 1, 3, 2, 0, 4, 7, 6, 5 = 4
8, 1, 3, 0, 2, 4, 7, 6, 5 = 3
0, 1, 3, 8, 2, 4, 7, 6, 5 = 2
1, 0, 3, 8, 2, 4, 7, 6, 5 = 1
1, 2, 3, 8, 0, 4, 7, 6, 5 = 0
1, 0, 3, 8, 2, 6, 7, 5, 4 = 5
1, 2, 3, 8, 0, 6, 7, 5, 4 = 4
1, 2, 3, 8, 6, 0, 7, 5, 4 = 3
1, 2, 3, 8, 6, 4, 7, 5, 0 = 2
1, 2, 3, 8, 6, 4, 7, 0, 5 = 1
1, 2, 3, 8, 0, 4, 7, 6, 5 = 0
2, 6, 3, 1, 7, 4, 0, 8, 5 = 8
2, 6, 3, 1, 7, 4, 8, 0, 5 = 7
2, 6, 3, 1, 0, 4, 8, 7, 5 = 6
2, 0, 3, 1, 6, 4, 8, 7, 5 = 5
0, 2, 3, 1, 6, 4, 8, 7, 5 = 4
1, 2, 3, 0, 6, 4, 8, 7, 5 = 3
1, 2, 3, 8, 6, 4, 0, 7, 5 = 2
1, 2, 3, 8, 6, 4, 7, 0, 5 = 1
1, 2, 3, 8, 0, 4, 7, 6, 5 = 0
2, 8, 3, 0, 1, 4, 7, 6, 5 = 5
2, 8, 3, 1, 0, 4, 7, 6, 5 = 4
2, 0, 3, 1, 8, 4, 7, 6, 5 = 3
0, 2, 3, 1, 8, 4, 7, 6, 5 = 2
1, 2, 3, 0, 8, 4, 7, 6, 5 = 1
1, 2, 3, 8, 0, 4, 7, 6, 5 = 0
8, 7, 3, 4, 2, 0, 1, 6, 5 = 21
8, 7, 3, 4, 2, 5, 1, 6, 0 = 20
8, 7, 3, 4, 2, 5, 1, 0, 6 = 19
8, 7, 3, 4, 2, 5, 0, 1, 6 = 18
8, 7, 3, 0, 2, 5, 4, 1, 6 = 17
8, 7, 3, 2, 0, 5, 4, 1, 6 = 16
8, 0, 3, 2, 7, 5, 4, 1, 6 = 15
0, 8, 3, 2, 7, 5, 4, 1, 6 = 14
2, 8, 3, 0, 7, 5, 4, 1, 6 = 13
2, 8, 3, 7, 0, 5, 4, 1, 6 = 12
2, 8, 3, 7, 1, 5, 4, 0, 6 = 11
2, 8, 3, 7, 1, 5, 0, 4, 6 = 10
2, 8, 3, 0, 1, 5, 7, 4, 6 = 9
2, 8, 3, 1, 0, 5, 7, 4, 6 = 8
2, 8, 3, 1, 4, 5, 7, 0, 6 = 7
2, 8, 3, 1, 4, 5, 7, 6, 0 = 6
2, 8, 3, 1, 4, 0, 7, 6, 5 = 5
2, 8, 3, 1, 0, 4, 7, 6, 5 = 4
2, 0, 3, 1, 8, 4, 7, 6, 5 = 3
0, 2, 3, 1, 8, 4, 7, 6, 5 = 2
1, 2, 3, 0, 8, 4, 7, 6, 5 = 1
1, 2, 3, 8, 0, 4, 7, 6, 5 = 0
1, 2, 3, 0, 4, 5, 8, 7, 6 = 5
1, 2, 3, 8, 4, 5, 0, 7, 6 = 4
1, 2, 3, 8, 4, 5, 7, 0, 6 = 3
1, 2, 3, 8, 4, 5, 7, 6, 0 = 2
1, 2, 3, 8, 4, 0, 7, 6, 5 = 1
1, 2, 3, 8, 0, 4, 7, 6, 5 = 0
0, 2, 3, 1, 8, 4, 7, 6, 5 = 2
1, 2, 3, 0, 8, 4, 7, 6, 5 = 1
1, 2, 3, 8, 0, 4, 7, 6, 5 = 0
1, 0, 6, 8, 3, 2, 7, 5, 4 = 9
1, 6, 0, 8, 3, 2, 7, 5, 4 = 8
1, 6, 2, 8, 3, 0, 7, 5, 4 = 7
1, 6, 2, 8, 0, 3, 7, 5, 4 = 6
1, 0, 2, 8, 6, 3, 7, 5, 4 = 5
1, 2, 0, 8, 6, 3, 7, 5, 4 = 4
1, 2, 3, 8, 6, 0, 7, 5, 4 = 3
1, 2, 3, 8, 6, 4, 7, 5, 0 = 2
1, 2, 3, 8, 6, 4, 7, 0, 5 = 1
1, 2, 3, 8, 0, 4, 7, 6, 5 = 0
1, 2, 3, 8, 6, 4, 7, 0, 5 = 1
1, 2, 3, 8, 0, 4, 7, 6, 5 = 0
1, 2, 3, 8, 0, 5, 7, 4, 6 = 4
1, 2, 3, 8, 4, 5, 7, 0, 6 = 3
1, 2, 3, 8, 4, 5, 7, 6, 0 = 2
1, 2, 3, 8, 4, 0, 7, 6, 5 = 1
1, 2, 3, 8, 0, 4, 7, 6, 5 = 0
8, 1, 2, 4, 3, 0, 7, 6, 5 = 7
8, 1, 2, 4, 0, 3, 7, 6, 5 = 6
8, 1, 2, 0, 4, 3, 7, 6, 5 = 5
0, 1, 2, 8, 4, 3, 7, 6, 5 = 4
1, 0, 2, 8, 4, 3, 7, 6, 5 = 3
1, 2, 0, 8, 4, 3, 7, 6, 5 = 2
1, 2, 3, 8, 4, 0, 7, 6, 5 = 1
1, 2, 3, 8, 0, 4, 7, 6, 5 = 0
1, 2, 0, 8, 4, 3, 7, 6, 5 = 2
1, 2, 3, 8, 4, 0, 7, 6, 5 = 1
1, 2, 3, 8, 0, 4, 7, 6, 5 = 0
1, 3, 5, 4, 7, 2, 0, 8, 6 = 12
1, 3, 5, 4, 7, 2, 8, 0, 6 = 11
1, 3, 5, 4, 0, 2, 8, 7, 6 = 10
1, 3, 5, 4, 2, 0, 8, 7, 6 = 9
1, 3, 0, 4, 2, 5, 8, 7, 6 = 8
1, 0, 3, 4, 2, 5, 8, 7, 6 = 7
1, 2, 3, 4, 0, 5, 8, 7, 6 = 6
1, 2, 3, 0, 4, 5, 8, 7, 6 = 5
1, 2, 3, 8, 4, 5, 0, 7, 6 = 4
1, 2, 3, 8, 4, 5, 7, 0, 6 = 3
1, 2, 3, 8, 4, 5, 7, 6, 0 = 2
1, 2, 3, 8, 4, 0, 7, 6, 5 = 1
1, 2, 3, 8, 0, 4, 7, 6, 5 = 0
1, 5, 2, 8, 0, 3, 7, 4, 6 = 8
1, 0, 2, 8, 5, 3, 7, 4, 6 = 7
1, 2, 0, 8, 5, 3, 7, 4, 6 = 6
1, 2, 3, 8, 5, 0, 7, 4, 6 = 5
1, 2, 3, 8, 0, 5, 7, 4, 6 = 4
1, 2, 3, 8, 4, 5, 7, 0, 6 = 3
1, 2, 3, 8, 4, 5, 7, 6, 0 = 2
1, 2, 3, 8, 4, 0, 7, 6, 5 = 1
1, 2, 3, 8, 0, 4, 7, 6, 5 = 0
1, 2, 3, 0, 8, 4, 7, 6, 5 = 1
1, 2, 3, 8, 0, 4, 7, 6, 5 = 0
1, 3, 4, 6, 5, 7, 0, 8, 2 = 14
1, 3, 4, 6, 5, 7, 8, 0, 2 = 13
1, 3, 4, 6, 0, 7, 8, 5, 2 = 12
1, 3, 4, 6, 7, 0, 8, 5, 2 = 11
1, 3, 4, 6, 7, 2, 8, 5, 0 = 10
1, 3, 4, 6, 7, 2, 8, 0, 5 = 9
1, 3, 4, 6, 0, 2, 8, 7, 5 = 8
1, 3, 4, 6, 2, 0, 8, 7, 5 = 7
1, 3, 0, 6, 2, 4, 8, 7, 5 = 6
1, 0, 3, 6, 2, 4, 8, 7, 5 = 5
1, 2, 3, 6, 0, 4, 8, 7, 5 = 4
1, 2, 3, 0, 6, 4, 8, 7, 5 = 3
1, 2, 3, 8, 6, 4, 0, 7, 5 = 2
1, 2, 3, 8, 6, 4, 7, 0, 5 = 1
1, 2, 3, 8, 0, 4, 7, 6, 5 = 0
8, 1, 4, 7, 0, 2, 6, 3, 5 = 10
8, 1, 4, 7, 3, 2, 6, 0, 5 = 9
8, 1, 4, 7, 3, 2, 0, 6, 5 = 8
8, 1, 4, 0, 3, 2, 7, 6, 5 = 7
0, 1, 4, 8, 3, 2, 7, 6, 5 = 6
1, 0, 4, 8, 3, 2, 7, 6, 5 = 5
1, 3, 4, 8, 0, 2, 7, 6, 5 = 4
1, 3, 4, 8, 2, 0, 7, 6, 5 = 3
1, 3, 0, 8, 2, 4, 7, 6, 5 = 2
1, 0, 3, 8, 2, 4, 7, 6, 5 = 1
1, 2, 3, 8, 0, 4, 7, 6, 5 = 0
1, 2, 3, 8, 0, 7, 6, 4, 5 = 14
1, 2, 3, 8, 7, 0, 6, 4, 5 = 13
1, 2, 0, 8, 7, 3, 6, 4, 5 = 12
1, 0, 2, 8, 7, 3, 6, 4, 5 = 11
0, 1, 2, 8, 7, 3, 6, 4, 5 = 10
8, 1, 2, 0, 7, 3, 6, 4, 5 = 9
8, 1, 2, 7, 0, 3, 6, 4, 5 = 8
8, 1, 2, 7, 4, 3, 6, 0, 5 = 7
8, 1, 2, 7, 4, 3, 0, 6, 5 = 6
8, 1, 2, 0, 4, 3, 7, 6, 5 = 5
0, 1, 2, 8, 4, 3, 7, 6, 5 = 4
1, 0, 2, 8, 4, 3, 7, 6, 5 = 3
1, 2, 0, 8, 4, 3, 7, 6, 5 = 2
1, 2, 3, 8, 4, 0, 7, 6, 5 = 1
1, 2, 3, 8, 0, 4, 7, 6, 5 = 0
1, 2, 3, 8, 0, 4, 7, 6, 5 = 0
1, 3, 4, 6, 5, 7, 8, 0, 2 = 13
1, 3, 4, 6, 0, 7, 8, 5, 2 = 12
1, 3, 4, 6, 7, 0, 8, 5, 2 = 11
1, 3, 4, 6, 7, 2, 8, 5, 0 = 10
1, 3, 4, 6, 7, 2, 8, 0, 5 = 9
1, 3, 4, 6, 0, 2, 8, 7, 5 = 8
1, 3, 4, 0, 6, 2, 8, 7, 5 = 7
1, 3, 4, 8, 6, 2, 0, 7, 5 = 6
1, 3, 4, 8, 6, 2, 7, 0, 5 = 5
1, 3, 4, 8, 0, 2, 7, 6, 5 = 4
1, 3, 4, 8, 2, 0, 7, 6, 5 = 3
1, 3, 0, 8, 2, 4, 7, 6, 5 = 2
1, 0, 3, 8, 2, 4, 7, 6, 5 = 1
1, 2, 3, 8, 0, 4, 7, 6, 5 = 0
3, 8, 4, 0, 1, 2, 7, 6, 5 = 9
3, 8, 4, 1, 0, 2, 7, 6, 5 = 8
3, 0, 4, 1, 8, 2, 7, 6, 5 = 7
0, 3, 4, 1, 8, 2, 7, 6, 5 = 6
1, 3, 4, 0, 8, 2, 7, 6, 5 = 5
1, 3, 4, 8, 0, 2, 7, 6, 5 = 4
1, 3, 4, 8, 2, 0, 7, 6, 5 = 3
1, 3, 0, 8, 2, 4, 7, 6, 5 = 2
1, 0, 3, 8, 2, 4, 7, 6, 5 = 1
1, 2, 3, 8, 0, 4, 7, 6, 5 = 0
1, 3, 4, 7, 8, 2, 0, 6, 5 = 6
1, 3, 4, 0, 8, 2, 7, 6, 5 = 5
1, 3, 4, 8, 0, 2, 7, 6, 5 = 4
1, 3, 4, 8, 2, 0, 7, 6, 5 = 3
1, 3, 0, 8, 2, 4, 7, 6, 5 = 2
1, 0, 3, 8, 2, 4, 7, 6, 5 = 1
1, 2, 3, 8, 0, 4, 7, 6, 5 = 0
1, 5, 3, 8, 0, 4, 7, 2, 6 = 10
1, 0, 3, 8, 5, 4, 7, 2, 6 = 9
1, 3, 0, 8, 5, 4, 7, 2, 6 = 8
1, 3, 4, 8, 5, 0, 7, 2, 6 = 7
1, 3, 4, 8, 0, 5, 7, 2, 6 = 6
1, 3, 4, 8, 2, 5, 7, 0, 6 = 5
1, 3, 4, 8, 2, 5, 7, 6, 0 = 4
1, 3, 4, 8, 2, 0, 7, 6, 5 = 3
1, 3, 0, 8, 2, 4, 7, 6, 5 = 2
1, 0, 3, 8, 2, 4, 7, 6, 5 = 1
1, 2, 3, 8, 0, 4, 7, 6, 5 = 0
1, 0, 3, 8, 2, 4, 7, 6, 5 = 1
1, 2, 3, 8, 0, 4, 7, 6, 5 = 0
1, 4, 2, 8, 0, 5, 7, 3, 6 = 8
1, 4, 2, 8, 3, 5, 7, 0, 6 = 7
1, 4, 2, 8, 3, 5, 7, 6, 0 = 6
1, 4, 2, 8, 3, 0, 7, 6, 5 = 5
1, 4, 2, 8, 0, 3, 7, 6, 5 = 4
1, 0, 2, 8, 4, 3, 7, 6, 5 = 3
1, 2, 0, 8, 4, 3, 7, 6, 5 = 2
1, 2, 3, 8, 4, 0, 7, 6, 5 = 1
1, 2, 3, 8, 0, 4, 7, 6, 5 = 0
8, 1, 4, 7, 2, 0, 5, 6, 3 = 15
8, 1, 4, 7, 0, 2, 5, 6, 3 = 14
8, 1, 4, 7, 6, 2, 5, 0, 3 = 13
8, 1, 4, 7, 6, 2, 0, 5, 3 = 12
8, 1, 4, 0, 6, 2, 7, 5, 3 = 11
0, 1, 4, 8, 6, 2, 7, 5, 3 = 10
1, 0, 4, 8, 6, 2, 7, 5, 3 = 9
1, 4, 0, 8, 6, 2, 7, 5, 3 = 8
1, 4, 2, 8, 6, 0, 7, 5, 3 = 7
1, 4, 2, 8, 6, 3, 7, 5, 0 = 6
1, 4, 2, 8, 6, 3, 7, 0, 5 = 5
1, 4, 2, 8, 0, 3, 7, 6, 5 = 4
1, 0, 2, 8, 4, 3, 7, 6, 5 = 3
1, 2, 0, 8, 4, 3, 7, 6, 5 = 2
1, 2, 3, 8, 4, 0, 7, 6, 5 = 1
1, 2, 3, 8, 0, 4, 7, 6, 5 = 0
8, 1, 3, 2, 0, 4, 7, 6, 5 = 4
8, 1, 3, 0, 2, 4, 7, 6, 5 = 3
0, 1, 3, 8, 2, 4, 7, 6, 5 = 2
1, 0, 3, 8, 2, 4, 7, 6, 5 = 1
1, 2, 3, 8, 0, 4, 7, 6, 5 = 0
1, 2, 3, 0, 8, 4, 7, 6, 5 = 1
1, 2, 3, 8, 0, 4, 7, 6, 5 = 0
1, 2, 3, 8, 0, 6, 7, 5, 4 = 4
1, 2, 3, 8, 6, 0, 7, 5, 4 = 3
1, 2, 3, 8, 6, 4, 7, 5, 0 = 2
1, 2, 3, 8, 6, 4, 7, 0, 5 = 1
1, 2, 3, 8, 0, 4, 7, 6, 5 = 0
1, 0, 2, 7, 4, 5, 6, 3, 8 = 13
1, 4, 2, 7, 0, 5, 6, 3, 8 = 12
1, 4, 2, 7, 3, 5, 6, 0, 8 = 11
1, 4, 2, 7, 3, 5, 6, 8, 0 = 10
1, 4, 2, 7, 3, 0, 6, 8, 5 = 9
1, 4, 2, 7, 0, 3, 6, 8, 5 = 8
1, 0, 2, 7, 4, 3, 6, 8, 5 = 7
1, 2, 0, 7, 4, 3, 6, 8, 5 = 6
1, 2, 3, 7, 4, 0, 6, 8, 5 = 5
1, 2, 3, 7, 0, 4, 6, 8, 5 = 4
1, 2, 3, 7, 8, 4, 6, 0, 5 = 3
1, 2, 3, 7, 8, 4, 0, 6, 5 = 2
1, 2, 3, 0, 8, 4, 7, 6, 5 = 1
1, 2, 3, 8, 0, 4, 7, 6, 5 = 0
1, 2, 3, 7, 8, 4, 0, 6, 5 = 2
1, 2, 3, 0, 8, 4, 7, 6, 5 = 1
1, 2, 3, 8, 0, 4, 7, 6, 5 = 0
3, 1, 0, 2, 5, 6, 7, 4, 8 = 18
3, 1, 6, 2, 5, 0, 7, 4, 8 = 17
3, 1, 6, 2, 5, 8, 7, 4, 0 = 16
3, 1, 6, 2, 5, 8, 7, 0, 4 = 15
3, 1, 6, 2, 0, 8, 7, 5, 4 = 14
3, 0, 6, 2, 1, 8, 7, 5, 4 = 13
0, 3, 6, 2, 1, 8, 7, 5, 4 = 12
2, 3, 6, 0, 1, 8, 7, 5, 4 = 11
2, 3, 6, 1, 0, 8, 7, 5, 4 = 10
2, 3, 6, 1, 8, 0, 7, 5, 4 = 9
2, 3, 0, 1, 8, 6, 7, 5, 4 = 8
2, 0, 3, 1, 8, 6, 7, 5, 4 = 7
0, 2, 3, 1, 8, 6, 7, 5, 4 = 6
1, 2, 3, 0, 8, 6, 7, 5, 4 = 5
1, 2, 3, 8, 0, 6, 7, 5, 4 = 4
1, 2, 3, 8, 6, 0, 7, 5, 4 = 3
1, 2, 3, 8, 6, 4, 7, 5, 0 = 2
1, 2, 3, 8, 6, 4, 7, 0, 5 = 1
1, 2, 3, 8, 0, 4, 7, 6, 5 = 0
0, 5, 3, 1, 8, 4, 2, 6, 7 = 20
1, 5, 3, 0, 8, 4, 2, 6, 7 = 19
1, 5, 3, 8, 0, 4, 2, 6, 7 = 18
1, 5, 3, 8, 6, 4, 2, 0, 7 = 17
1, 5, 3, 8, 6, 4, 2, 7, 0 = 16
1, 5, 3, 8, 6, 0, 2, 7, 4 = 15
1, 5, 3, 8, 0, 6, 2, 7, 4 = 14
1, 0, 3, 8, 5, 6, 2, 7, 4 = 13
0, 1, 3, 8, 5, 6, 2, 7, 4 = 12
8, 1, 3, 0, 5, 6, 2, 7, 4 = 11
8, 1, 3, 2, 5, 6, 0, 7, 4 = 10
8, 1, 3, 2, 5, 6, 7, 0, 4 = 9
8, 1, 3, 2, 0, 6, 7, 5, 4 = 8
8, 1, 3, 2, 6, 0, 7, 5, 4 = 7
8, 1, 3, 2, 6, 4, 7, 5, 0 = 6
8, 1, 3, 2, 6, 4, 7, 0, 5 = 5
8, 1, 3, 2, 0, 4, 7, 6, 5 = 4
8, 1, 3, 0, 2, 4, 7, 6, 5 = 3
0, 1, 3, 8, 2, 4, 7, 6, 5 = 2
1, 0, 3, 8, 2, 4, 7, 6, 5 = 1
1, 2, 3, 8, 0, 4, 7, 6, 5 = 0
6, 2, 0, 1, 5, 3, 4, 8, 7 = 20
6, 0, 2, 1, 5, 3, 4, 8, 7 = 19
0, 6, 2, 1, 5, 3, 4, 8, 7 = 18
1, 6, 2, 0, 5, 3, 4, 8, 7 = 17
1, 6, 2, 5, 0, 3, 4, 8, 7 = 16
1, 0, 2, 5, 6, 3, 4, 8, 7 = 15
1, 2, 0, 5, 6, 3, 4, 8, 7 = 14
1, 2, 3, 5, 6, 0, 4, 8, 7 = 13
1, 2, 3, 5, 0, 6, 4, 8, 7 = 12
1, 2, 3, 0, 5, 6, 4, 8, 7 = 11
1, 2, 3, 4, 5, 6, 0, 8, 7 = 10
1, 2, 3, 4, 5, 6, 8, 0, 7 = 9
1, 2, 3, 4, 5, 6, 8, 7, 0 = 8
1, 2, 3, 4, 5, 0, 8, 7, 6 = 7
1, 2, 3, 4, 0, 5, 8, 7, 6 = 6
1, 2, 3, 0, 4, 5, 8, 7, 6 = 5
1, 2, 3, 8, 4, 5, 0, 7, 6 = 4
1, 2, 3, 8, 4, 5, 7, 0, 6 = 3
1, 2, 3, 8, 4, 5, 7, 6, 0 = 2
1, 2, 3, 8, 4, 0, 7, 6, 5 = 1
1, 2, 3, 8, 0, 4, 7, 6, 5 = 0
1, 4, 2, 6, 0, 5, 8, 3, 7 = 12
1, 4, 2, 6, 3, 5, 8, 0, 7 = 11
1, 4, 2, 6, 3, 5, 8, 7, 0 = 10
1, 4, 2, 6, 3, 0, 8, 7, 5 = 9
1, 4, 2, 6, 0, 3, 8, 7, 5 = 8
1, 0, 2, 6, 4, 3, 8, 7, 5 = 7
1, 2, 0, 6, 4, 3, 8, 7, 5 = 6
1, 2, 3, 6, 4, 0, 8, 7, 5 = 5
1, 2, 3, 6, 0, 4, 8, 7, 5 = 4
1, 2, 3, 0, 6, 4, 8, 7, 5 = 3
1, 2, 3, 8, 6, 4, 0, 7, 5 = 2
1, 2, 3, 8, 6, 4, 7, 0, 5 = 1
1, 2, 3, 8, 0, 4, 7, 6, 5 = 0
1, 4, 2, 0, 6, 3, 8, 7, 5 = 7
1, 4, 2, 8, 6, 3, 0, 7, 5 = 6
1, 4, 2, 8, 6, 3, 7, 0, 5 = 5
1, 4, 2, 8, 0, 3, 7, 6, 5 = 4
1, 0, 2, 8, 4, 3, 7, 6, 5 = 3
1, 2, 0, 8, 4, 3, 7, 6, 5 = 2
1, 2, 3, 8, 4, 0, 7, 6, 5 = 1
1, 2, 3, 8, 0, 4, 7, 6, 5 = 0
0, 4, 2, 1, 8, 3, 7, 6, 5 = 6
1, 4, 2, 0, 8, 3, 7, 6, 5 = 5
1, 4, 2, 8, 0, 3, 7, 6, 5 = 4
1, 0, 2, 8, 4, 3, 7, 6, 5 = 3
1, 2, 0, 8, 4, 3, 7, 6, 5 = 2
1, 2, 3, 8, 4, 0, 7, 6, 5 = 1
1, 2, 3, 8, 0, 4, 7, 6, 5 = 0
2, 1, 4, 0, 3, 5, 8, 7, 6 = 11
0, 1, 4, 2, 3, 5, 8, 7, 6 = 10
1, 0, 4, 2, 3, 5, 8, 7, 6 = 9
1, 3, 4, 2, 0, 5, 8, 7, 6 = 8
1, 3, 4, 0, 2, 5, 8, 7, 6 = 7
1, 3, 4, 8, 2, 5, 0, 7, 6 = 6
1, 3, 4, 8, 2, 5, 7, 0, 6 = 5
1, 3, 4, 8, 2, 5, 7, 6, 0 = 4
1, 3, 4, 8, 2, 0, 7, 6, 5 = 3
1, 3, 0, 8, 2, 4, 7, 6, 5 = 2
1, 0, 3, 8, 2, 4, 7, 6, 5 = 1
1, 2, 3, 8, 0, 4, 7, 6, 5 = 0
1, 0, 2, 8, 4, 3, 7, 6, 5 = 3
1, 2, 0, 8, 4, 3, 7, 6, 5 = 2
1, 2, 3, 8, 4, 0, 7, 6, 5 = 1
1, 2, 3, 8, 0, 4, 7, 6, 5 = 0
8, 2, 3, 6, 5, 1, 0, 7, 4 = 14
8, 2, 3, 6, 5, 1, 7, 0, 4 = 13
8, 2, 3, 6, 0, 1, 7, 5, 4 = 12
8, 2, 3, 6, 1, 0, 7, 5, 4 = 11
8, 2, 0, 6, 1, 3, 7, 5, 4 = 10
8, 0, 2, 6, 1, 3, 7, 5, 4 = 9
8, 1, 2, 6, 0, 3, 7, 5, 4 = 8
8, 1, 2, 0, 6, 3, 7, 5, 4 = 7
0, 1, 2, 8, 6, 3, 7, 5, 4 = 6
1, 0, 2, 8, 6, 3, 7, 5, 4 = 5
1, 2, 0, 8, 6, 3, 7, 5, 4 = 4
1, 2, 3, 8, 6, 0, 7, 5, 4 = 3
1, 2, 3, 8, 6, 4, 7, 5, 0 = 2
1, 2, 3, 8, 6, 4, 7, 0, 5 = 1
1, 2, 3, 8, 0, 4, 7, 6, 5 = 0
8, 1, 3, 6, 0, 7, 4, 2, 5 = 16
8, 1, 3, 6, 7, 0, 4, 2, 5 = 15
8, 1, 3, 6, 7, 5, 4, 2, 0 = 14
8, 1, 3, 6, 7, 5, 4, 0, 2 = 13
8, 1, 3, 6, 7, 5, 0, 4, 2 = 12
8, 1, 3, 0, 7, 5, 6, 4, 2 = 11
8, 1, 3, 7, 0, 5, 6, 4, 2 = 10
8, 1, 3, 7, 4, 5, 6, 0, 2 = 9
8, 1, 3, 7, 4, 5, 6, 2, 0 = 8
8, 1, 3, 7, 4, 0, 6, 2, 5 = 7
8, 1, 3, 7, 0, 4, 6, 2, 5 = 6
8, 1, 3, 7, 2, 4, 6, 0, 5 = 5
8, 1, 3, 7, 2, 4, 0, 6, 5 = 4
8, 1, 3, 0, 2, 4, 7, 6, 5 = 3
0, 1, 3, 8, 2, 4, 7, 6, 5 = 2
1, 0, 3, 8, 2, 4, 7, 6, 5 = 1
1, 2, 3, 8, 0, 4, 7, 6, 5 = 0
1, 0, 3, 8, 2, 4, 7, 6, 5 = 1
1, 2, 3, 8, 0, 4, 7, 6, 5 = 0
1, 5, 3, 7, 0, 2, 6, 8, 4 = 18
1, 5, 3, 7, 8, 2, 6, 0, 4 = 17
1, 5, 3, 7, 8, 2, 0, 6, 4 = 16
1, 5, 3, 0, 8, 2, 7, 6, 4 = 15
1, 5, 3, 8, 0, 2, 7, 6, 4 = 14
1, 0, 3, 8, 5, 2, 7, 6, 4 = 13
0, 1, 3, 8, 5, 2, 7, 6, 4 = 12
8, 1, 3, 0, 5, 2, 7, 6, 4 = 11
8, 1, 3, 7, 5, 2, 0, 6, 4 = 10
8, 1, 3, 7, 5, 2, 6, 0, 4 = 9
8, 1, 3, 7, 0, 2, 6, 5, 4 = 8
8, 1, 3, 7, 2, 0, 6, 5, 4 = 7
8, 1, 3, 7, 2, 4, 6, 5, 0 = 6
8, 1, 3, 7, 2, 4, 6, 0, 5 = 5
8, 1, 3, 7, 2, 4, 0, 6, 5 = 4
8, 1, 3, 0, 2, 4, 7, 6, 5 = 3
0, 1, 3, 8, 2, 4, 7, 6, 5 = 2
1, 0, 3, 8, 2, 4, 7, 6, 5 = 1
1, 2, 3, 8, 0, 4, 7, 6, 5 = 0
1, 2, 3, 0, 8, 4, 7, 6, 5 = 1
1, 2, 3, 8, 0, 4, 7, 6, 5 = 0
1, 4, 2, 6, 7, 3, 0, 8, 5 = 10
1, 4, 2, 6, 7, 3, 8, 0, 5 = 9
1, 4, 2, 6, 0, 3, 8, 7, 5 = 8
1, 0, 2, 6, 4, 3, 8, 7, 5 = 7
1, 2, 0, 6, 4, 3, 8, 7, 5 = 6
1, 2, 3, 6, 4, 0, 8, 7, 5 = 5
1, 2, 3, 6, 0, 4, 8, 7, 5 = 4
1, 2, 3, 0, 6, 4, 8, 7, 5 = 3
1, 2, 3, 8, 6, 4, 0, 7, 5 = 2
1, 2, 3, 8, 6, 4, 7, 0, 5 = 1
1, 2, 3, 8, 0, 4, 7, 6, 5 = 0
1, 3, 4, 8, 2, 0, 7, 6, 5 = 3
1, 3, 0, 8, 2, 4, 7, 6, 5 = 2
1, 0, 3, 8, 2, 4, 7, 6, 5 = 1
1, 2, 3, 8, 0, 4, 7, 6, 5 = 0
4, 2, 1, 7, 8, 3, 0, 6, 5 = 14
4, 2, 1, 0, 8, 3, 7, 6, 5 = 13
4, 2, 1, 8, 0, 3, 7, 6, 5 = 12
4, 0, 1, 8, 2, 3, 7, 6, 5 = 11
0, 4, 1, 8, 2, 3, 7, 6, 5 = 10
8, 4, 1, 0, 2, 3, 7, 6, 5 = 9
8, 4, 1, 2, 0, 3, 7, 6, 5 = 8
8, 0, 1, 2, 4, 3, 7, 6, 5 = 7
8, 1, 0, 2, 4, 3, 7, 6, 5 = 6
8, 1, 3, 2, 4, 0, 7, 6, 5 = 5
8, 1, 3, 2, 0, 4, 7, 6, 5 = 4
8, 1, 3, 0, 2, 4, 7, 6, 5 = 3
0, 1, 3, 8, 2, 4, 7, 6, 5 = 2
1, 0, 3, 8, 2, 4, 7, 6, 5 = 1
1, 2, 3, 8, 0, 4, 7, 6, 5 = 0
1, 0, 2, 4, 6, 5, 8, 7, 3 = 15
1, 6, 2, 4, 0, 5, 8, 7, 3 = 14
1, 6, 2, 0, 4, 5, 8, 7, 3 = 13
1, 6, 2, 8, 4, 5, 0, 7, 3 = 12
1, 6, 2, 8, 4, 5, 7, 0, 3 = 11
1, 6, 2, 8, 0, 5, 7, 4, 3 = 10
1, 6, 2, 8, 5, 0, 7, 4, 3 = 9
1, 6, 2, 8, 5, 3, 7, 4, 0 = 8
1, 6, 2, 8, 5, 3, 7, 0, 4 = 7
1, 6, 2, 8, 0, 3, 7, 5, 4 = 6
1, 0, 2, 8, 6, 3, 7, 5, 4 = 5
1, 2, 0, 8, 6, 3, 7, 5, 4 = 4
1, 2, 3, 8, 6, 0, 7, 5, 4 = 3
1, 2, 3, 8, 6, 4, 7, 5, 0 = 2
1, 2, 3, 8, 6, 4, 7, 0, 5 = 1
1, 2, 3, 8, 0, 4, 7, 6, 5 = 0
1, 0, 2, 7, 5, 3, 6, 4, 8 = 11
1, 2, 0, 7, 5, 3, 6, 4, 8 = 10
1, 2, 3, 7, 5, 0, 6, 4, 8 = 9
1, 2, 3, 7, 0, 5, 6, 4, 8 = 8
1, 2, 3, 7, 4, 5, 6, 0, 8 = 7
1, 2, 3, 7, 4, 5, 6, 8, 0 = 6
1, 2, 3, 7, 4, 0, 6, 8, 5 = 5
1, 2, 3, 7, 0, 4, 6, 8, 5 = 4
1, 2, 3, 7, 8, 4, 6, 0, 5 = 3
1, 2, 3, 7, 8, 4, 0, 6, 5 = 2
1, 2, 3, 0, 8, 4, 7, 6, 5 = 1
1, 2, 3, 8, 0, 4, 7, 6, 5 = 0
1, 0, 2, 8, 4, 5, 7, 3, 6 = 9
1, 4, 2, 8, 0, 5, 7, 3, 6 = 8
1, 4, 2, 8, 3, 5, 7, 0, 6 = 7
1, 4, 2, 8, 3, 5, 7, 6, 0 = 6
1, 4, 2, 8, 3, 0, 7, 6, 5 = 5
1, 4, 2, 8, 0, 3, 7, 6, 5 = 4
1, 0, 2, 8, 4, 3, 7, 6, 5 = 3
1, 2, 0, 8, 4, 3, 7, 6, 5 = 2
1, 2, 3, 8, 4, 0, 7, 6, 5 = 1
1, 2, 3, 8, 0, 4, 7, 6, 5 = 0
1, 3, 4, 8, 2, 5, 7, 6, 0 = 4
1, 3, 4, 8, 2, 0, 7, 6, 5 = 3
1, 3, 0, 8, 2, 4, 7, 6, 5 = 2
1, 0, 3, 8, 2, 4, 7, 6, 5 = 1
1, 2, 3, 8, 0, 4, 7, 6, 5 = 0
4, 1, 5, 8, 3, 7, 0, 6, 2 = 18
4, 1, 5, 0, 3, 7, 8, 6, 2 = 17
0, 1, 5, 4, 3, 7, 8, 6, 2 = 16
1, 0, 5, 4, 3, 7, 8, 6, 2 = 15
1, 3, 5, 4, 0, 7, 8, 6, 2 = 14
1, 3, 5, 4, 7, 0, 8, 6, 2 = 13
1, 3, 5, 4, 7, 2, 8, 6, 0 = 12
1, 3, 5, 4, 7, 2, 8, 0, 6 = 11
1, 3, 5, 4, 0, 2, 8, 7, 6 = 10
1, 3, 5, 4, 2, 0, 8, 7, 6 = 9
1, 3, 0, 4, 2, 5, 8, 7, 6 = 8
1, 0, 3, 4, 2, 5, 8, 7, 6 = 7
1, 2, 3, 4, 0, 5, 8, 7, 6 = 6
1, 2, 3, 0, 4, 5, 8, 7, 6 = 5
1, 2, 3, 8, 4, 5, 0, 7, 6 = 4
1, 2, 3, 8, 4, 5, 7, 0, 6 = 3
1, 2, 3, 8, 4, 5, 7, 6, 0 = 2
1, 2, 3, 8, 4, 0, 7, 6, 5 = 1
1, 2, 3, 8, 0, 4, 7, 6, 5 = 0
1, 2, 3, 8, 6, 4, 0, 7, 5 = 2
1, 2, 3, 8, 6, 4, 7, 0, 5 = 1
1, 2, 3, 8, 0, 4, 7, 6, 5 = 0
2, 8, 0, 1, 5, 3, 7, 4, 6 = 10
2, 8, 3, 1, 5, 0, 7, 4, 6 = 9
2, 8, 3, 1, 0, 5, 7, 4, 6 = 8
2, 8, 3, 1, 4, 5, 7, 0, 6 = 7
2, 8, 3, 1, 4, 5, 7, 6, 0 = 6
2, 8, 3, 1, 4, 0, 7, 6, 5 = 5
2, 8, 3, 1, 0, 4, 7, 6, 5 = 4
2, 0, 3, 1, 8, 4, 7, 6, 5 = 3
0, 2, 3, 1, 8, 4, 7, 6, 5 = 2
1, 2, 3, 0, 8, 4, 7, 6, 5 = 1
1, 2, 3, 8, 0, 4, 7, 6, 5 = 0
0, 3, 4, 8, 7, 1, 6, 2, 5 = 12
8, 3, 4, 0, 7, 1, 6, 2, 5 = 11
8, 3, 4, 7, 0, 1, 6, 2, 5 = 10
8, 3, 4, 7, 1, 0, 6, 2, 5 = 9
8, 3, 0, 7, 1, 4, 6, 2, 5 = 8
8, 0, 3, 7, 1, 4, 6, 2, 5 = 7
8, 1, 3, 7, 0, 4, 6, 2, 5 = 6
8, 1, 3, 7, 2, 4, 6, 0, 5 = 5
8, 1, 3, 7, 2, 4, 0, 6, 5 = 4
8, 1, 3, 0, 2, 4, 7, 6, 5 = 3
0, 1, 3, 8, 2, 4, 7, 6, 5 = 2
1, 0, 3, 8, 2, 4, 7, 6, 5 = 1
1, 2, 3, 8, 0, 4, 7, 6, 5 = 0
8, 3, 2, 7, 1, 4, 6, 5, 0 = 12
8, 3, 2, 7, 1, 0, 6, 5, 4 = 11
8, 3, 0, 7, 1, 2, 6, 5, 4 = 10
8, 0, 3, 7, 1, 2, 6, 5, 4 = 9
8, 1, 3, 7, 0, 2, 6, 5, 4 = 8
8, 1, 3, 7, 2, 0, 6, 5, 4 = 7
8, 1, 3, 7, 2, 4, 6, 5, 0 = 6
8, 1, 3, 7, 2, 4, 6, 0, 5 = 5
8, 1, 3, 7, 2, 4, 0, 6, 5 = 4
8, 1, 3, 0, 2, 4, 7, 6, 5 = 3
0, 1, 3, 8, 2, 4, 7, 6, 5 = 2
1, 0, 3, 8, 2, 4, 7, 6, 5 = 1
1, 2, 3, 8, 0, 4, 7, 6, 5 = 0
1, 4, 2, 8, 0, 3, 7, 6, 5 = 4
1, 0, 2, 8, 4, 3, 7, 6, 5 = 3
1, 2, 0, 8, 4, 3, 7, 6, 5 = 2
1, 2, 3, 8, 4, 0, 7, 6, 5 = 1
1, 2, 3, 8, 0, 4, 7, 6, 5 = 0
8, 1, 2, 5, 7, 6, 4, 0, 3 = 15
8, 1, 2, 5, 0, 6, 4, 7, 3 = 14
8, 1, 2, 0, 5, 6, 4, 7, 3 = 13
8, 1, 2, 4, 5, 6, 0, 7, 3 = 12
8, 1, 2, 4, 5, 6, 7, 0, 3 = 11
8, 1, 2, 4, 0, 6, 7, 5, 3 = 10
8, 1, 2, 4, 6, 0, 7, 5, 3 = 9
8, 1, 2, 4, 6, 3, 7, 5, 0 = 8
8, 1, 2, 4, 6, 3, 7, 0, 5 = 7
8, 1, 2, 4, 0, 3, 7, 6, 5 = 6
8, 1, 2, 0, 4, 3, 7, 6, 5 = 5
0, 1, 2, 8, 4, 3, 7, 6, 5 = 4
1, 0, 2, 8, 4, 3, 7, 6, 5 = 3
1, 2, 0, 8, 4, 3, 7, 6, 5 = 2
1, 2, 3, 8, 4, 0, 7, 6, 5 = 1
1, 2, 3, 8, 0, 4, 7, 6, 5 = 0
1, 3, 4, 8, 5, 6, 7, 0, 2 = 9
1, 3, 4, 8, 0, 6, 7, 5, 2 = 8
1, 3, 4, 8, 6, 0, 7, 5, 2 = 7
1, 3, 4, 8, 6, 2, 7, 5, 0 = 6
1, 3, 4, 8, 6, 2, 7, 0, 5 = 5
1, 3, 4, 8, 0, 2, 7, 6, 5 = 4
1, 3, 4, 8, 2, 0, 7, 6, 5 = 3
1, 3, 0, 8, 2, 4, 7, 6, 5 = 2
1, 0, 3, 8, 2, 4, 7, 6, 5 = 1
1, 2, 3, 8, 0, 4, 7, 6, 5 = 0
1, 2, 3, 7, 4, 0, 6, 8, 5 = 5
1, 2, 3, 7, 0, 4, 6, 8, 5 = 4
1, 2, 3, 7, 8, 4, 6, 0, 5 = 3
1, 2, 3, 7, 8, 4, 0, 6, 5 = 2
1, 2, 3, 0, 8, 4, 7, 6, 5 = 1
1, 2, 3, 8, 0, 4, 7, 6, 5 = 0
2, 6, 8, 1, 3, 4, 7, 5, 0 = 12
2, 6, 8, 1, 3, 0, 7, 5, 4 = 11
2, 6, 8, 1, 0, 3, 7, 5, 4 = 10
2, 0, 8, 1, 6, 3, 7, 5, 4 = 9
2, 8, 0, 1, 6, 3, 7, 5, 4 = 8
2, 8, 3, 1, 6, 0, 7, 5, 4 = 7
2, 8, 3, 1, 6, 4, 7, 5, 0 = 6
2, 8, 3, 1, 6, 4, 7, 0, 5 = 5
2, 8, 3, 1, 0, 4, 7, 6, 5 = 4
2, 0, 3, 1, 8, 4, 7, 6, 5 = 3
0, 2, 3, 1, 8, 4, 7, 6, 5 = 2
1, 2, 3, 0, 8, 4, 7, 6, 5 = 1
1, 2, 3, 8, 0, 4, 7, 6, 5 = 0
2, 4, 8, 0, 1, 3, 7, 6, 5 = 9
2, 4, 8, 1, 0, 3, 7, 6, 5 = 8
2, 0, 8, 1, 4, 3, 7, 6, 5 = 7
2, 8, 0, 1, 4, 3, 7, 6, 5 = 6
2, 8, 3, 1, 4, 0, 7, 6, 5 = 5
2, 8, 3, 1, 0, 4, 7, 6, 5 = 4
2, 0, 3, 1, 8, 4, 7, 6, 5 = 3
0, 2, 3, 1, 8, 4, 7, 6, 5 = 2
1, 2, 3, 0, 8, 4, 7, 6, 5 = 1
1, 2, 3, 8, 0, 4, 7, 6, 5 = 0
8, 2, 3, 4, 1, 5, 7, 6, 0 = 10
8, 2, 3, 4, 1, 0, 7, 6, 5 = 9
8, 2, 0, 4, 1, 3, 7, 6, 5 = 8
8, 0, 2, 4, 1, 3, 7, 6, 5 = 7
8, 1, 2, 4, 0, 3, 7, 6, 5 = 6
8, 1, 2, 0, 4, 3, 7, 6, 5 = 5
0, 1, 2, 8, 4, 3, 7, 6, 5 = 4
1, 0, 2, 8, 4, 3, 7, 6, 5 = 3
1, 2, 0, 8, 4, 3, 7, 6, 5 = 2
1, 2, 3, 8, 4, 0, 7, 6, 5 = 1
1, 2, 3, 8, 0, 4, 7, 6, 5 = 0
0, 8, 1, 7, 3, 4, 2, 6, 5 = 16
8, 0, 1, 7, 3, 4, 2, 6, 5 = 15
8, 1, 0, 7, 3, 4, 2, 6, 5 = 14
8, 1, 4, 7, 3, 0, 2, 6, 5 = 13
8, 1, 4, 7, 3, 5, 2, 6, 0 = 12
8, 1, 4, 7, 3, 5, 2, 0, 6 = 11
8, 1, 4, 7, 3, 5, 0, 2, 6 = 10
8, 1, 4, 0, 3, 5, 7, 2, 6 = 9
0, 1, 4, 8, 3, 5, 7, 2, 6 = 8
1, 0, 4, 8, 3, 5, 7, 2, 6 = 7
1, 3, 4, 8, 0, 5, 7, 2, 6 = 6
1, 3, 4, 8, 2, 5, 7, 0, 6 = 5
1, 3, 4, 8, 2, 5, 7, 6, 0 = 4
1, 3, 4, 8, 2, 0, 7, 6, 5 = 3
1, 3, 0, 8, 2, 4, 7, 6, 5 = 2
1, 0, 3, 8, 2, 4, 7, 6, 5 = 1
1, 2, 3, 8, 0, 4, 7, 6, 5 = 0
1, 2, 0, 8, 4, 3, 7, 6, 5 = 2
1, 2, 3, 8, 4, 0, 7, 6, 5 = 1
1, 2, 3, 8, 0, 4, 7, 6, 5 = 0
8, 1, 3, 7, 0, 4, 6, 2, 5 = 6
8, 1, 3, 7, 2, 4, 6, 0, 5 = 5
8, 1, 3, 7, 2, 4, 0, 6, 5 = 4
8, 1, 3, 0, 2, 4, 7, 6, 5 = 3
0, 1, 3, 8, 2, 4, 7, 6, 5 = 2
1, 0, 3, 8, 2, 4, 7, 6, 5 = 1
1, 2, 3, 8, 0, 4, 7, 6, 5 = 0
0, 1, 2, 8, 6, 3, 4, 7, 5 = 10
8, 1, 2, 0, 6, 3, 4, 7, 5 = 9
8, 1, 2, 4, 6, 3, 0, 7, 5 = 8
8, 1, 2, 4, 6, 3, 7, 0, 5 = 7
8, 1, 2, 4, 0, 3, 7, 6, 5 = 6
8, 1, 2, 0, 4, 3, 7, 6, 5 = 5
0, 1, 2, 8, 4, 3, 7, 6, 5 = 4
1, 0, 2, 8, 4, 3, 7, 6, 5 = 3
1, 2, 0, 8, 4, 3, 7, 6, 5 = 2
1, 2, 3, 8, 4, 0, 7, 6, 5 = 1
1, 2, 3, 8, 0, 4, 7, 6, 5 = 0
1, 2, 3, 8, 6, 4, 7, 0, 5 = 1
1, 2, 3, 8, 0, 4, 7, 6, 5 = 0
8, 0, 2, 4, 1, 3, 7, 6, 5 = 7
8, 1, 2, 4, 0, 3, 7, 6, 5 = 6
8, 1, 2, 0, 4, 3, 7, 6, 5 = 5
0, 1, 2, 8, 4, 3, 7, 6, 5 = 4
1, 0, 2, 8, 4, 3, 7, 6, 5 = 3
1, 2, 0, 8, 4, 3, 7, 6, 5 = 2
1, 2, 3, 8, 4, 0, 7, 6, 5 = 1
1, 2, 3, 8, 0, 4, 7, 6, 5 = 0
1, 2, 3, 8, 6, 4, 7, 0, 5 = 1
1, 2, 3, 8, 0, 4, 7, 6, 5 = 0
1, 2, 3, 7, 8, 4, 6, 5, 0 = 4
1, 2, 3, 7, 8, 4, 6, 0, 5 = 3
1, 2, 3, 7, 8, 4, 0, 6, 5 = 2
1, 2, 3, 0, 8, 4, 7, 6, 5 = 1
1, 2, 3, 8, 0, 4, 7, 6, 5 = 0
1, 3, 4, 6, 2, 5, 8, 0, 7 = 9
1, 3, 4, 6, 2, 5, 8, 7, 0 = 8
1, 3, 4, 6, 2, 0, 8, 7, 5 = 7
1, 3, 0, 6, 2, 4, 8, 7, 5 = 6
1, 0, 3, 6, 2, 4, 8, 7, 5 = 5
1, 2, 3, 6, 0, 4, 8, 7, 5 = 4
1, 2, 3, 0, 6, 4, 8, 7, 5 = 3
1, 2, 3, 8, 6, 4, 0, 7, 5 = 2
1, 2, 3, 8, 6, 4, 7, 0, 5 = 1
1, 2, 3, 8, 0, 4, 7, 6, 5 = 0
1, 0, 3, 8, 2, 4, 7, 6, 5 = 1
1, 2, 3, 8, 0, 4, 7, 6, 5 = 0
1, 2, 3, 7, 8, 4, 6, 0, 5 = 3
1, 2, 3, 7, 8, 4, 0, 6, 5 = 2
1, 2, 3, 0, 8, 4, 7, 6, 5 = 1
1, 2, 3, 8, 0, 4, 7, 6, 5 = 0
1, 2, 3, 8, 0, 4, 7, 6, 5 = 0
3, 0, 4, 1, 8, 2, 7, 6, 5 = 7
0, 3, 4, 1, 8, 2, 7, 6, 5 = 6
1, 3, 4, 0, 8, 2, 7, 6, 5 = 5
1, 3, 4, 8, 0, 2, 7, 6, 5 = 4
1, 3, 4, 8, 2, 0, 7, 6, 5 = 3
1, 3, 0, 8, 2, 4, 7, 6, 5 = 2
1, 0, 3, 8, 2, 4, 7, 6, 5 = 1
1, 2, 3, 8, 0, 4, 7, 6, 5 = 0
2, 4, 3, 1, 5, 0, 8, 7, 6 = 9
2, 4, 3, 1, 0, 5, 8, 7, 6 = 8
2, 0, 3, 1, 4, 5, 8, 7, 6 = 7
0, 2, 3, 1, 4, 5, 8, 7, 6 = 6
1, 2, 3, 0, 4, 5, 8, 7, 6 = 5
1, 2, 3, 8, 4, 5, 0, 7, 6 = 4
1, 2, 3, 8, 4, 5, 7, 0, 6 = 3
1, 2, 3, 8, 4, 5, 7, 6, 0 = 2
1, 2, 3, 8, 4, 0, 7, 6, 5 = 1
1, 2, 3, 8, 0, 4, 7, 6, 5 = 0
1, 6, 4, 8, 0, 2, 7, 5, 3 = 10
1, 0, 4, 8, 6, 2, 7, 5, 3 = 9
1, 4, 0, 8, 6, 2, 7, 5, 3 = 8
1, 4, 2, 8, 6, 0, 7, 5, 3 = 7
1, 4, 2, 8, 6, 3, 7, 5, 0 = 6
1, 4, 2, 8, 6, 3, 7, 0, 5 = 5
1, 4, 2, 8, 0, 3, 7, 6, 5 = 4
1, 0, 2, 8, 4, 3, 7, 6, 5 = 3
1, 2, 0, 8, 4, 3, 7, 6, 5 = 2
1, 2, 3, 8, 4, 0, 7, 6, 5 = 1
1, 2, 3, 8, 0, 4, 7, 6, 5 = 0
8, 6, 1, 0, 2, 3, 7, 5, 4 = 11
8, 6, 1, 2, 0, 3, 7, 5, 4 = 10
8, 0, 1, 2, 6, 3, 7, 5, 4 = 9
8, 1, 0, 2, 6, 3, 7, 5, 4 = 8
8, 1, 3, 2, 6, 0, 7, 5, 4 = 7
8, 1, 3, 2, 6, 4, 7, 5, 0 = 6
8, 1, 3, 2, 6, 4, 7, 0, 5 = 5
8, 1, 3, 2, 0, 4, 7, 6, 5 = 4
8, 1, 3, 0, 2, 4, 7, 6, 5 = 3
0, 1, 3, 8, 2, 4, 7, 6, 5 = 2
1, 0, 3, 8, 2, 4, 7, 6, 5 = 1
1, 2, 3, 8, 0, 4, 7, 6, 5 = 0
3, 2, 0, 1, 4, 8, 7, 6, 5 = 12
3, 0, 2, 1, 4, 8, 7, 6, 5 = 11
3, 4, 2, 1, 0, 8, 7, 6, 5 = 10
3, 4, 2, 1, 8, 0, 7, 6, 5 = 9
3, 4, 0, 1, 8, 2, 7, 6, 5 = 8
3, 0, 4, 1, 8, 2, 7, 6, 5 = 7
0, 3, 4, 1, 8, 2, 7, 6, 5 = 6
1, 3, 4, 0, 8, 2, 7, 6, 5 = 5
1, 3, 4, 8, 0, 2, 7, 6, 5 = 4
1, 3, 4, 8, 2, 0, 7, 6, 5 = 3
1, 3, 0, 8, 2, 4, 7, 6, 5 = 2
1, 0, 3, 8, 2, 4, 7, 6, 5 = 1
1, 2, 3, 8, 0, 4, 7, 6, 5 = 0
2, 8, 4, 3, 6, 1, 0, 7, 5 = 14
2, 8, 4, 3, 6, 1, 7, 0, 5 = 13
2, 8, 4, 3, 0, 1, 7, 6, 5 = 12
2, 8, 4, 0, 3, 1, 7, 6, 5 = 11
0, 8, 4, 2, 3, 1, 7, 6, 5 = 10
8, 0, 4, 2, 3, 1, 7, 6, 5 = 9
8, 3, 4, 2, 0, 1, 7, 6, 5 = 8
8, 3, 4, 2, 1, 0, 7, 6, 5 = 7
8, 3, 0, 2, 1, 4, 7, 6, 5 = 6
8, 0, 3, 2, 1, 4, 7, 6, 5 = 5
8, 1, 3, 2, 0, 4, 7, 6, 5 = 4
8, 1, 3, 0, 2, 4, 7, 6, 5 = 3
0, 1, 3, 8, 2, 4, 7, 6, 5 = 2
1, 0, 3, 8, 2, 4, 7, 6, 5 = 1
1, 2, 3, 8, 0, 4, 7, 6, 5 = 0
2, 3, 4, 1, 8, 0, 7, 6, 5 = 5
2, 3, 0, 1, 8, 4, 7, 6, 5 = 4
2, 0, 3, 1, 8, 4, 7, 6, 5 = 3
0, 2, 3, 1, 8, 4, 7, 6, 5 = 2
1, 2, 3, 0, 8, 4, 7, 6, 5 = 1
1, 2, 3, 8, 0, 4, 7, 6, 5 = 0
1, 2, 0, 6, 4, 3, 8, 7, 5 = 6
1, 2, 3, 6, 4, 0, 8, 7, 5 = 5
1, 2, 3, 6, 0, 4, 8, 7, 5 = 4
1, 2, 3, 0, 6, 4, 8, 7, 5 = 3
1, 2, 3, 8, 6, 4, 0, 7, 5 = 2
1, 2, 3, 8, 6, 4, 7, 0, 5 = 1
1, 2, 3, 8, 0, 4, 7, 6, 5 = 0
3, 4, 8, 2, 1, 5, 7, 0, 6 = 13
3, 4, 8, 2, 1, 5, 7, 6, 0 = 12
3, 4, 8, 2, 1, 0, 7, 6, 5 = 11
3, 4, 0, 2, 1, 8, 7, 6, 5 = 10
3, 0, 4, 2, 1, 8, 7, 6, 5 = 9
0, 3, 4, 2, 1, 8, 7, 6, 5 = 8
2, 3, 4, 0, 1, 8, 7, 6, 5 = 7
2, 3, 4, 1, 0, 8, 7, 6, 5 = 6
2, 3, 4, 1, 8, 0, 7, 6, 5 = 5
2, 3, 0, 1, 8, 4, 7, 6, 5 = 4
2, 0, 3, 1, 8, 4, 7, 6, 5 = 3
0, 2, 3, 1, 8, 4, 7, 6, 5 = 2
1, 2, 3, 0, 8, 4, 7, 6, 5 = 1
1, 2, 3, 8, 0, 4, 7, 6, 5 = 0
1, 3, 4, 8, 2, 0, 7, 6, 5 = 3
1, 3, 0, 8, 2, 4, 7, 6, 5 = 2
1, 0, 3, 8, 2, 4, 7, 6, 5 = 1
1, 2, 3, 8, 0, 4, 7, 6, 5 = 0
1, 2, 3, 8, 4, 5, 7, 0, 6 = 3
1, 2, 3, 8, 4, 5, 7, 6, 0 = 2
1, 2, 3, 8, 4, 0, 7, 6, 5 = 1
1, 2, 3, 8, 0, 4, 7, 6, 5 = 0
7, 1, 2, 4, 8, 0, 6, 5, 3 = 13
7, 1, 2, 4, 8, 3, 6, 5, 0 = 12
7, 1, 2, 4, 8, 3, 6, 0, 5 = 11
7, 1, 2, 4, 0, 3, 6, 8, 5 = 10
7, 1, 2, 0, 4, 3, 6, 8, 5 = 9
0, 1, 2, 7, 4, 3, 6, 8, 5 = 8
1, 0, 2, 7, 4, 3, 6, 8, 5 = 7
1, 2, 0, 7, 4, 3, 6, 8, 5 = 6
1, 2, 3, 7, 4, 0, 6, 8, 5 = 5
1, 2, 3, 7, 0, 4, 6, 8, 5 = 4
1, 2, 3, 7, 8, 4, 6, 0, 5 = 3
1, 2, 3, 7, 8, 4, 0, 6, 5 = 2
1, 2, 3, 0, 8, 4, 7, 6, 5 = 1
1, 2, 3, 8, 0, 4, 7, 6, 5 = 0
1, 3, 4, 8, 0, 2, 7, 6, 5 = 4
1, 3, 4, 8, 2, 0, 7, 6, 5 = 3
1, 3, 0, 8, 2, 4, 7, 6, 5 = 2
1, 0, 3, 8, 2, 4, 7, 6, 5 = 1
1, 2, 3, 8, 0, 4, 7, 6, 5 = 0
8, 3, 4, 2, 1, 5, 7, 6, 0 = 8
8, 3, 4, 2, 1, 0, 7, 6, 5 = 7
8, 3, 0, 2, 1, 4, 7, 6, 5 = 6
8, 0, 3, 2, 1, 4, 7, 6, 5 = 5
8, 1, 3, 2, 0, 4, 7, 6, 5 = 4
8, 1, 3, 0, 2, 4, 7, 6, 5 = 3
0, 1, 3, 8, 2, 4, 7, 6, 5 = 2
1, 0, 3, 8, 2, 4, 7, 6, 5 = 1
1, 2, 3, 8, 0, 4, 7, 6, 5 = 0
1, 2, 3, 0, 8, 4, 7, 6, 5 = 1
1, 2, 3, 8, 0, 4, 7, 6, 5 = 0
1, 3, 4, 8, 6, 0, 7, 5, 2 = 7
1, 3, 4, 8, 6, 2, 7, 5, 0 = 6
1, 3, 4, 8, 6, 2, 7, 0, 5 = 5
1, 3, 4, 8, 0, 2, 7, 6, 5 = 4
1, 3, 4, 8, 2, 0, 7, 6, 5 = 3
1, 3, 0, 8, 2, 4, 7, 6, 5 = 2
1, 0, 3, 8, 2, 4, 7, 6, 5 = 1
1, 2, 3, 8, 0, 4, 7, 6, 5 = 0
1, 3, 0, 6, 2, 4, 8, 7, 5 = 6
1, 0, 3, 6, 2, 4, 8, 7, 5 = 5
1, 2, 3, 6, 0, 4, 8, 7, 5 = 4
1, 2, 3, 0, 6, 4, 8, 7, 5 = 3
1, 2, 3, 8, 6, 4, 0, 7, 5 = 2
1, 2, 3, 8, 6, 4, 7, 0, 5 = 1
1, 2, 3, 8, 0, 4, 7, 6, 5 = 0
8, 1, 2, 0, 4, 3, 7, 6, 5 = 5
0, 1, 2, 8, 4, 3, 7, 6, 5 = 4
1, 0, 2, 8, 4, 3, 7, 6, 5 = 3
1, 2, 0, 8, 4, 3, 7, 6, 5 = 2
1, 2, 3, 8, 4, 0, 7, 6, 5 = 1
1, 2, 3, 8, 0, 4, 7, 6, 5 = 0
2, 6, 3, 0, 7, 4, 1, 8, 5 = 9
2, 6, 3, 1, 7, 4, 0, 8, 5 = 8
2, 6, 3, 1, 7, 4, 8, 0, 5 = 7
2, 6, 3, 1, 0, 4, 8, 7, 5 = 6
2, 0, 3, 1, 6, 4, 8, 7, 5 = 5
0, 2, 3, 1, 6, 4, 8, 7, 5 = 4
1, 2, 3, 0, 6, 4, 8, 7, 5 = 3
1, 2, 3, 8, 6, 4, 0, 7, 5 = 2
1, 2, 3, 8, 6, 4, 7, 0, 5 = 1
1, 2, 3, 8, 0, 4, 7, 6, 5 = 0
0, 1, 3, 8, 2, 4, 7, 6, 5 = 2
1, 0, 3, 8, 2, 4, 7, 6, 5 = 1
1, 2, 3, 8, 0, 4, 7, 6, 5 = 0
1, 2, 3, 8, 4, 5, 7, 0, 6 = 3
1, 2, 3, 8, 4, 5, 7, 6, 0 = 2
1, 2, 3, 8, 4, 0, 7, 6, 5 = 1
1, 2, 3, 8, 0, 4, 7, 6, 5 = 0
2, 8, 3, 1, 6, 4, 7, 0, 5 = 5
2, 8, 3, 1, 0, 4, 7, 6, 5 = 4
2, 0, 3, 1, 8, 4, 7, 6, 5 = 3
0, 2, 3, 1, 8, 4, 7, 6, 5 = 2
1, 2, 3, 0, 8, 4, 7, 6, 5 = 1
1, 2, 3, 8, 0, 4, 7, 6, 5 = 0
1, 3, 0, 8, 2, 5, 7, 4, 6 = 6
1, 0, 3, 8, 2, 5, 7, 4, 6 = 5
1, 2, 3, 8, 0, 5, 7, 4, 6 = 4
1, 2, 3, 8, 4, 5, 7, 0, 6 = 3
1, 2, 3, 8, 4, 5, 7, 6, 0 = 2
1, 2, 3, 8, 4, 0, 7, 6, 5 = 1
1, 2, 3, 8, 0, 4, 7, 6, 5 = 0
0, 1, 3, 8, 2, 4, 7, 6, 5 = 2
1, 0, 3, 8, 2, 4, 7, 6, 5 = 1
1, 2, 3, 8, 0, 4, 7, 6, 5 = 0
8, 1, 2, 4, 3, 5, 7, 6, 0 = 8
8, 1, 2, 4, 3, 0, 7, 6, 5 = 7
8, 1, 2, 4, 0, 3, 7, 6, 5 = 6
8, 1, 2, 0, 4, 3, 7, 6, 5 = 5
0, 1, 2, 8, 4, 3, 7, 6, 5 = 4
1, 0, 2, 8, 4, 3, 7, 6, 5 = 3
1, 2, 0, 8, 4, 3, 7, 6, 5 = 2
1, 2, 3, 8, 4, 0, 7, 6, 5 = 1
1, 2, 3, 8, 0, 4, 7, 6, 5 = 0
4, 8, 1, 3, 2, 0, 7, 6, 5 = 13
4, 8, 1, 3, 0, 2, 7, 6, 5 = 12
4, 8, 1, 0, 3, 2, 7, 6, 5 = 11
0, 8, 1, 4, 3, 2, 7, 6, 5 = 10
8, 0, 1, 4, 3, 2, 7, 6, 5 = 9
8, 1, 0, 4, 3, 2, 7, 6, 5 = 8
8, 1, 2, 4, 3, 0, 7, 6, 5 = 7
8, 1, 2, 4, 0, 3, 7, 6, 5 = 6
8, 1, 2, 0, 4, 3, 7, 6, 5 = 5
0, 1, 2, 8, 4, 3, 7, 6, 5 = 4
1, 0, 2, 8, 4, 3, 7, 6, 5 = 3
1, 2, 0, 8, 4, 3, 7, 6, 5 = 2
1, 2, 3, 8, 4, 0, 7, 6, 5 = 1
1, 2, 3, 8, 0, 4, 7, 6, 5 = 0
6, 1, 3, 8, 2, 4, 7, 0, 5 = 9
6, 1, 3, 8, 2, 4, 0, 7, 5 = 8
6, 1, 3, 0, 2, 4, 8, 7, 5 = 7
0, 1, 3, 6, 2, 4, 8, 7, 5 = 6
1, 0, 3, 6, 2, 4, 8, 7, 5 = 5
1, 2, 3, 6, 0, 4, 8, 7, 5 = 4
1, 2, 3, 0, 6, 4, 8, 7, 5 = 3
1, 2, 3, 8, 6, 4, 0, 7, 5 = 2
1, 2, 3, 8, 6, 4, 7, 0, 5 = 1
1, 2, 3, 8, 0, 4, 7, 6, 5 = 0
8, 1, 4, 0, 3, 5, 7, 2, 6 = 9
0, 1, 4, 8, 3, 5, 7, 2, 6 = 8
1, 0, 4, 8, 3, 5, 7, 2, 6 = 7
1, 3, 4, 8, 0, 5, 7, 2, 6 = 6
1, 3, 4, 8, 2, 5, 7, 0, 6 = 5
1, 3, 4, 8, 2, 5, 7, 6, 0 = 4
1, 3, 4, 8, 2, 0, 7, 6, 5 = 3
1, 3, 0, 8, 2, 4, 7, 6, 5 = 2
1, 0, 3, 8, 2, 4, 7, 6, 5 = 1
1, 2, 3, 8, 0, 4, 7, 6, 5 = 0
3, 1, 4, 2, 7, 6, 8, 0, 5 = 13
3, 1, 4, 2, 0, 6, 8, 7, 5 = 12
3, 0, 4, 2, 1, 6, 8, 7, 5 = 11
0, 3, 4, 2, 1, 6, 8, 7, 5 = 10
2, 3, 4, 0, 1, 6, 8, 7, 5 = 9
2, 3, 4, 1, 0, 6, 8, 7, 5 = 8
2, 3, 4, 1, 6, 0, 8, 7, 5 = 7
2, 3, 0, 1, 6, 4, 8, 7, 5 = 6
2, 0, 3, 1, 6, 4, 8, 7, 5 = 5
0, 2, 3, 1, 6, 4, 8, 7, 5 = 4
1, 2, 3, 0, 6, 4, 8, 7, 5 = 3
1, 2, 3, 8, 6, 4, 0, 7, 5 = 2
1, 2, 3, 8, 6, 4, 7, 0, 5 = 1
1, 2, 3, 8, 0, 4, 7, 6, 5 = 0
2, 0, 3, 1, 8, 4, 7, 6, 5 = 3
0, 2, 3, 1, 8, 4, 7, 6, 5 = 2
1, 2, 3, 0, 8, 4, 7, 6, 5 = 1
1, 2, 3, 8, 0, 4, 7, 6, 5 = 0
1, 0, 3, 7, 2, 4, 6, 8, 5 = 5
1, 2, 3, 7, 0, 4, 6, 8, 5 = 4
1, 2, 3, 7, 8, 4, 6, 0, 5 = 3
1, 2, 3, 7, 8, 4, 0, 6, 5 = 2
1, 2, 3, 0, 8, 4, 7, 6, 5 = 1
1, 2, 3, 8, 0, 4, 7, 6, 5 = 0
3, 0, 5, 1, 6, 2, 8, 4, 7 = 15
0, 3, 5, 1, 6, 2, 8, 4, 7 = 14
1, 3, 5, 0, 6, 2, 8, 4, 7 = 13
1, 3, 5, 6, 0, 2, 8, 4, 7 = 12
1, 3, 5, 6, 2, 0, 8, 4, 7 = 11
1, 3, 0, 6, 2, 5, 8, 4, 7 = 10
1, 0, 3, 6, 2, 5, 8, 4, 7 = 9
1, 2, 3, 6, 0, 5, 8, 4, 7 = 8
1, 2, 3, 6, 4, 5, 8, 0, 7 = 7
1, 2, 3, 6, 4, 5, 8, 7, 0 = 6
1, 2, 3, 6, 4, 0, 8, 7, 5 = 5
1, 2, 3, 6, 0, 4, 8, 7, 5 = 4
1, 2, 3, 0, 6, 4, 8, 7, 5 = 3
1, 2, 3, 8, 6, 4, 0, 7, 5 = 2
1, 2, 3, 8, 6, 4, 7, 0, 5 = 1
1, 2, 3, 8, 0, 4, 7, 6, 5 = 0
2, 8, 0, 1, 6, 3, 7, 5, 4 = 8
2, 8, 3, 1, 6, 0, 7, 5, 4 = 7
2, 8, 3, 1, 6, 4, 7, 5, 0 = 6
2, 8, 3, 1, 6, 4, 7, 0, 5 = 5
2, 8, 3, 1, 0, 4, 7, 6, 5 = 4
2, 0, 3, 1, 8, 4, 7, 6, 5 = 3
0, 2, 3, 1, 8, 4, 7, 6, 5 = 2
1, 2, 3, 0, 8, 4, 7, 6, 5 = 1
1, 2, 3, 8, 0, 4, 7, 6, 5 = 0
1, 2, 3, 0, 8, 4, 7, 6, 5 = 1
1, 2, 3, 8, 0, 4, 7, 6, 5 = 0
1, 2, 3, 6, 4, 5, 8, 7, 0 = 6
1, 2, 3, 6, 4, 0, 8, 7, 5 = 5
1, 2, 3, 6, 0, 4, 8, 7, 5 = 4
1, 2, 3, 0, 6, 4, 8, 7, 5 = 3
1, 2, 3, 8, 6, 4, 0, 7, 5 = 2
1, 2, 3, 8, 6, 4, 7, 0, 5 = 1
1, 2, 3, 8, 0, 4, 7, 6, 5 = 0
1, 2, 3, 7, 8, 4, 6, 0, 5 = 3
1, 2, 3, 7, 8, 4, 0, 6, 5 = 2
1, 2, 3, 0, 8, 4, 7, 6, 5 = 1
1, 2, 3, 8, 0, 4, 7, 6, 5 = 0
1, 3, 0, 8, 2, 4, 7, 6, 5 = 2
1, 0, 3, 8, 2, 4, 7, 6, 5 = 1
1, 2, 3, 8, 0, 4, 7, 6, 5 = 0
1, 2, 3, 0, 8, 4, 7, 6, 5 = 1
1, 2, 3, 8, 0, 4, 7, 6, 5 = 0
1, 3, 4, 8, 2, 0, 7, 6, 5 = 3
1, 3, 0, 8, 2, 4, 7, 6, 5 = 2
1, 0, 3, 8, 2, 4, 7, 6, 5 = 1
1, 2, 3, 8, 0, 4, 7, 6, 5 = 0
2, 5, 3, 1, 6, 4, 0, 8, 7 = 14
2, 5, 3, 1, 6, 4, 8, 0, 7 = 13
2, 5, 3, 1, 6, 4, 8, 7, 0 = 12
2, 5, 3, 1, 6, 0, 8, 7, 4 = 11
2, 5, 3, 1, 0, 6, 8, 7, 4 = 10
2, 0, 3, 1, 5, 6, 8, 7, 4 = 9
0, 2, 3, 1, 5, 6, 8, 7, 4 = 8
1, 2, 3, 0, 5, 6, 8, 7, 4 = 7
1, 2, 3, 8, 5, 6, 0, 7, 4 = 6
1, 2, 3, 8, 5, 6, 7, 0, 4 = 5
1, 2, 3, 8, 0, 6, 7, 5, 4 = 4
1, 2, 3, 8, 6, 0, 7, 5, 4 = 3
1, 2, 3, 8, 6, 4, 7, 5, 0 = 2
1, 2, 3, 8, 6, 4, 7, 0, 5 = 1
1, 2, 3, 8, 0, 4, 7, 6, 5 = 0
1, 8, 2, 7, 3, 4, 6, 5, 0 = 10
1, 8, 2, 7, 3, 0, 6, 5, 4 = 9
1, 8, 2, 7, 0, 3, 6, 5, 4 = 8
1, 0, 2, 7, 8, 3, 6, 5, 4 = 7
1, 2, 0, 7, 8, 3, 6, 5, 4 = 6
1, 2, 3, 7, 8, 0, 6, 5, 4 = 5
1, 2, 3, 7, 8, 4, 6, 5, 0 = 4
1, 2, 3, 7, 8, 4, 6, 0, 5 = 3
1, 2, 3, 7, 8, 4, 0, 6, 5 = 2
1, 2, 3, 0, 8, 4, 7, 6, 5 = 1
1, 2, 3, 8, 0, 4, 7, 6, 5 = 0
4, 2, 3, 1, 6, 5, 8, 0, 7 = 13
4, 2, 3, 1, 6, 5, 8, 7, 0 = 12
4, 2, 3, 1, 6, 0, 8, 7, 5 = 11
4, 2, 0, 1, 6, 3, 8, 7, 5 = 10
4, 0, 2, 1, 6, 3, 8, 7, 5 = 9
0, 4, 2, 1, 6, 3, 8, 7, 5 = 8
1, 4, 2, 0, 6, 3, 8, 7, 5 = 7
1, 4, 2, 8, 6, 3, 0, 7, 5 = 6
1, 4, 2, 8, 6, 3, 7, 0, 5 = 5
1, 4, 2, 8, 0, 3, 7, 6, 5 = 4
1, 0, 2, 8, 4, 3, 7, 6, 5 = 3
1, 2, 0, 8, 4, 3, 7, 6, 5 = 2
1, 2, 3, 8, 4, 0, 7, 6, 5 = 1
1, 2, 3, 8, 0, 4, 7, 6, 5 = 0
2, 3, 1, 7, 4, 0, 6, 8, 5 = 17
2, 3, 1, 7, 0, 4, 6, 8, 5 = 16
2, 3, 1, 7, 8, 4, 6, 0, 5 = 15
2, 3, 1, 7, 8, 4, 6, 5, 0 = 14
2, 3, 1, 7, 8, 0, 6, 5, 4 = 13
2, 3, 0, 7, 8, 1, 6, 5, 4 = 12
2, 0, 3, 7, 8, 1, 6, 5, 4 = 11
2, 8, 3, 7, 0, 1, 6, 5, 4 = 10
2, 8, 3, 7, 1, 0, 6, 5, 4 = 9
2, 8, 3, 7, 1, 4, 6, 5, 0 = 8
2, 8, 3, 7, 1, 4, 6, 0, 5 = 7
2, 8, 3, 7, 1, 4, 0, 6, 5 = 6
2, 8, 3, 0, 1, 4, 7, 6, 5 = 5
2, 8, 3, 1, 0, 4, 7, 6, 5 = 4
2, 0, 3, 1, 8, 4, 7, 6, 5 = 3
0, 2, 3, 1, 8, 4, 7, 6, 5 = 2
1, 2, 3, 0, 8, 4, 7, 6, 5 = 1
1, 2, 3, 8, 0, 4, 7, 6, 5 = 0
1, 3, 4, 8, 2, 0, 7, 6, 5 = 3
1, 3, 0, 8, 2, 4, 7, 6, 5 = 2
1, 0, 3, 8, 2, 4, 7, 6, 5 = 1
1, 2, 3, 8, 0, 4, 7, 6, 5 = 0
1, 0, 3, 8, 2, 4, 7, 6, 5 = 1
1, 2, 3, 8, 0, 4, 7, 6, 5 = 0
2, 8, 3, 1, 0, 6, 7, 5, 4 = 8
2, 0, 3, 1, 8, 6, 7, 5, 4 = 7
0, 2, 3, 1, 8, 6, 7, 5, 4 = 6
1, 2, 3, 0, 8, 6, 7, 5, 4 = 5
1, 2, 3, 8, 0, 6, 7, 5, 4 = 4
1, 2, 3, 8, 6, 0, 7, 5, 4 = 3
1, 2, 3, 8, 6, 4, 7, 5, 0 = 2
1, 2, 3, 8, 6, 4, 7, 0, 5 = 1
1, 2, 3, 8, 0, 4, 7, 6, 5 = 0
8, 0, 4, 2, 3, 5, 7, 1, 6 = 11
8, 3, 4, 2, 0, 5, 7, 1, 6 = 10
8, 3, 4, 2, 1, 5, 7, 0, 6 = 9
8, 3, 4, 2, 1, 5, 7, 6, 0 = 8
8, 3, 4, 2, 1, 0, 7, 6, 5 = 7
8, 3, 0, 2, 1, 4, 7, 6, 5 = 6
8, 0, 3, 2, 1, 4, 7, 6, 5 = 5
8, 1, 3, 2, 0, 4, 7, 6, 5 = 4
8, 1, 3, 0, 2, 4, 7, 6, 5 = 3
0, 1, 3, 8, 2, 4, 7, 6, 5 = 2
1, 0, 3, 8, 2, 4, 7, 6, 5 = 1
1, 2, 3, 8, 0, 4, 7, 6, 5 = 0
1, 2, 3, 8, 0, 4, 7, 6, 5 = 0
1, 0, 3, 8, 2, 4, 7, 6, 5 = 1
1, 2, 3, 8, 0, 4, 7, 6, 5 = 0
1, 0, 8, 6, 2, 3, 7, 5, 4 = 13
1, 2, 8, 6, 0, 3, 7, 5, 4 = 12
1, 2, 8, 0, 6, 3, 7, 5, 4 = 11
0, 2, 8, 1, 6, 3, 7, 5, 4 = 10
2, 0, 8, 1, 6, 3, 7, 5, 4 = 9
2, 8, 0, 1, 6, 3, 7, 5, 4 = 8
2, 8, 3, 1, 6, 0, 7, 5, 4 = 7
2, 8, 3, 1, 6, 4, 7, 5, 0 = 6
2, 8, 3, 1, 6, 4, 7, 0, 5 = 5
2, 8, 3, 1, 0, 4, 7, 6, 5 = 4
2, 0, 3, 1, 8, 4, 7, 6, 5 = 3
0, 2, 3, 1, 8, 4, 7, 6, 5 = 2
1, 2, 3, 0, 8, 4, 7, 6, 5 = 1
1, 2, 3, 8, 0, 4, 7, 6, 5 = 0
1, 2, 0, 4, 8, 3, 6, 7, 5 = 14
1, 2, 3, 4, 8, 0, 6, 7, 5 = 13
1, 2, 3, 4, 8, 5, 6, 7, 0 = 12
1, 2, 3, 4, 8, 5, 6, 0, 7 = 11
1, 2, 3, 4, 0, 5, 6, 8, 7 = 10
1, 2, 3, 0, 4, 5, 6, 8, 7 = 9
1, 2, 3, 6, 4, 5, 0, 8, 7 = 8
1, 2, 3, 6, 4, 5, 8, 0, 7 = 7
1, 2, 3, 6, 4, 5, 8, 7, 0 = 6
1, 2, 3, 6, 4, 0, 8, 7, 5 = 5
1, 2, 3, 6, 0, 4, 8, 7, 5 = 4
1, 2, 3, 0, 6, 4, 8, 7, 5 = 3
1, 2, 3, 8, 6, 4, 0, 7, 5 = 2
1, 2, 3, 8, 6, 4, 7, 0, 5 = 1
1, 2, 3, 8, 0, 4, 7, 6, 5 = 0
1, 0, 3, 7, 2, 4, 6, 8, 5 = 5
1, 2, 3, 7, 0, 4, 6, 8, 5 = 4
1, 2, 3, 7, 8, 4, 6, 0, 5 = 3
1, 2, 3, 7, 8, 4, 0, 6, 5 = 2
1, 2, 3, 0, 8, 4, 7, 6, 5 = 1
1, 2, 3, 8, 0, 4, 7, 6, 5 = 0
1, 2, 3, 8, 4, 5, 7, 6, 0 = 2
1, 2, 3, 8, 4, 0, 7, 6, 5 = 1
1, 2, 3, 8, 0, 4, 7, 6, 5 = 0
3, 4, 2, 1, 5, 6, 7, 8, 0 = 14
3, 4, 2, 1, 5, 0, 7, 8, 6 = 13
3, 4, 2, 1, 0, 5, 7, 8, 6 = 12
3, 4, 2, 1, 8, 5, 7, 0, 6 = 11
3, 4, 2, 1, 8, 5, 7, 6, 0 = 10
3, 4, 2, 1, 8, 0, 7, 6, 5 = 9
3, 4, 0, 1, 8, 2, 7, 6, 5 = 8
3, 0, 4, 1, 8, 2, 7, 6, 5 = 7
0, 3, 4, 1, 8, 2, 7, 6, 5 = 6
1, 3, 4, 0, 8, 2, 7, 6, 5 = 5
1, 3, 4, 8, 0, 2, 7, 6, 5 = 4
1, 3, 4, 8, 2, 0, 7, 6, 5 = 3
1, 3, 0, 8, 2, 4, 7, 6, 5 = 2
1, 0, 3, 8, 2, 4, 7, 6, 5 = 1
1, 2, 3, 8, 0, 4, 7, 6, 5 = 0
1, 2, 3, 8, 0, 5, 7, 4, 6 = 4
1, 2, 3, 8, 4, 5, 7, 0, 6 = 3
1, 2, 3, 8, 4, 5, 7, 6, 0 = 2
1, 2, 3, 8, 4, 0, 7, 6, 5 = 1
1, 2, 3, 8, 0, 4, 7, 6, 5 = 0
0, 3, 4, 2, 1, 7, 6, 8, 5 = 12
2, 3, 4, 0, 1, 7, 6, 8, 5 = 11
2, 3, 4, 1, 0, 7, 6, 8, 5 = 10
2, 3, 4, 1, 7, 0, 6, 8, 5 = 9
2, 3, 0, 1, 7, 4, 6, 8, 5 = 8
2, 0, 3, 1, 7, 4, 6, 8, 5 = 7
0, 2, 3, 1, 7, 4, 6, 8, 5 = 6
1, 2, 3, 0, 7, 4, 6, 8, 5 = 5
1, 2, 3, 7, 0, 4, 6, 8, 5 = 4
1, 2, 3, 7, 8, 4, 6, 0, 5 = 3
1, 2, 3, 7, 8, 4, 0, 6, 5 = 2
1, 2, 3, 0, 8, 4, 7, 6, 5 = 1
1, 2, 3, 8, 0, 4, 7, 6, 5 = 0
2, 8, 3, 0, 6, 4, 1, 7, 5 = 7
2, 8, 3, 1, 6, 4, 0, 7, 5 = 6
2, 8, 3, 1, 6, 4, 7, 0, 5 = 5
2, 8, 3, 1, 0, 4, 7, 6, 5 = 4
2, 0, 3, 1, 8, 4, 7, 6, 5 = 3
0, 2, 3, 1, 8, 4, 7, 6, 5 = 2
1, 2, 3, 0, 8, 4, 7, 6, 5 = 1
1, 2, 3, 8, 0, 4, 7, 6, 5 = 0
0, 1, 3, 8, 2, 4, 7, 6, 5 = 2
1, 0, 3, 8, 2, 4, 7, 6, 5 = 1
1, 2, 3, 8, 0, 4, 7, 6, 5 = 0
6, 1, 3, 0, 2, 4, 8, 7, 5 = 7
0, 1, 3, 6, 2, 4, 8, 7, 5 = 6
1, 0, 3, 6, 2, 4, 8, 7, 5 = 5
1, 2, 3, 6, 0, 4, 8, 7, 5 = 4
1, 2, 3, 0, 6, 4, 8, 7, 5 = 3
1, 2, 3, 8, 6, 4, 0, 7, 5 = 2
1, 2, 3, 8, 6, 4, 7, 0, 5 = 1
1, 2, 3, 8, 0, 4, 7, 6, 5 = 0
1, 2, 3, 8, 5, 6, 7, 0, 4 = 5
1, 2, 3, 8, 0, 6, 7, 5, 4 = 4
1, 2, 3, 8, 6, 0, 7, 5, 4 = 3
1, 2, 3, 8, 6, 4, 7, 5, 0 = 2
1, 2, 3, 8, 6, 4, 7, 0, 5 = 1
1, 2, 3, 8, 0, 4, 7, 6, 5 = 0
1, 2, 3, 8, 0, 4, 7, 6, 5 = 0
1, 2, 3, 7, 0, 8, 6, 5, 4 = 6
1, 2, 3, 7, 8, 0, 6, 5, 4 = 5
1, 2, 3, 7, 8, 4, 6, 5, 0 = 4
1, 2, 3, 7, 8, 4, 6, 0, 5 = 3
1, 2, 3, 7, 8, 4, 0, 6, 5 = 2
1, 2, 3, 0, 8, 4, 7, 6, 5 = 1
1, 2, 3, 8, 0, 4, 7, 6, 5 = 0
1, 2, 3, 8, 4, 5, 7, 0, 6 = 3
1, 2, 3, 8, 4, 5, 7, 6, 0 = 2
1, 2, 3, 8, 4, 0, 7, 6, 5 = 1
1, 2, 3, 8, 0, 4, 7, 6, 5 = 0
8, 3, 4, 2, 1, 5, 7, 0, 6 = 9
8, 3, 4, 2, 1, 5, 7, 6, 0 = 8
8, 3, 4, 2, 1, 0, 7, 6, 5 = 7
8, 3, 0, 2, 1, 4, 7, 6, 5 = 6
8, 0, 3, 2, 1, 4, 7, 6, 5 = 5
8, 1, 3, 2, 0, 4, 7, 6, 5 = 4
8, 1, 3, 0, 2, 4, 7, 6, 5 = 3
0, 1, 3, 8, 2, 4, 7, 6, 5 = 2
1, 0, 3, 8, 2, 4, 7, 6, 5 = 1
1, 2, 3, 8, 0, 4, 7, 6, 5 = 0
7, 1, 2, 6, 4, 0, 8, 5, 3 = 13
7, 1, 2, 6, 4, 3, 8, 5, 0 = 12
7, 1, 2, 6, 4, 3, 8, 0, 5 = 11
7, 1, 2, 6, 4, 3, 0, 8, 5 = 10
7, 1, 2, 0, 4, 3, 6, 8, 5 = 9
0, 1, 2, 7, 4, 3, 6, 8, 5 = 8
1, 0, 2, 7, 4, 3, 6, 8, 5 = 7
1, 2, 0, 7, 4, 3, 6, 8, 5 = 6
1, 2, 3, 7, 4, 0, 6, 8, 5 = 5
1, 2, 3, 7, 0, 4, 6, 8, 5 = 4
1, 2, 3, 7, 8, 4, 6, 0, 5 = 3
1, 2, 3, 7, 8, 4, 0, 6, 5 = 2
1, 2, 3, 0, 8, 4, 7, 6, 5 = 1
1, 2, 3, 8, 0, 4, 7, 6, 5 = 0
2, 8, 3, 1, 6, 4, 0, 7, 5 = 6
2, 8, 3, 1, 6, 4, 7, 0, 5 = 5
2, 8, 3, 1, 0, 4, 7, 6, 5 = 4
2, 0, 3, 1, 8, 4, 7, 6, 5 = 3
0, 2, 3, 1, 8, 4, 7, 6, 5 = 2
1, 2, 3, 0, 8, 4, 7, 6, 5 = 1
1, 2, 3, 8, 0, 4, 7, 6, 5 = 0
1, 2, 3, 6, 7, 4, 8, 0, 5 = 5
1, 2, 3, 6, 0, 4, 8, 7, 5 = 4
1, 2, 3, 0, 6, 4, 8, 7, 5 = 3
1, 2, 3, 8, 6, 4, 0, 7, 5 = 2
1, 2, 3, 8, 6, 4, 7, 0, 5 = 1
1, 2, 3, 8, 0, 4, 7, 6, 5 = 0
1, 2, 3, 7, 8, 0, 6, 5, 4 = 5
1, 2, 3, 7, 8, 4, 6, 5, 0 = 4
1, 2, 3, 7, 8, 4, 6, 0, 5 = 3
1, 2, 3, 7, 8, 4, 0, 6, 5 = 2
1, 2, 3, 0, 8, 4, 7, 6, 5 = 1
1, 2, 3, 8, 0, 4, 7, 6, 5 = 0
1, 4, 2, 8, 6, 3, 7, 0, 5 = 5
1, 4, 2, 8, 0, 3, 7, 6, 5 = 4
1, 0, 2, 8, 4, 3, 7, 6, 5 = 3
1, 2, 0, 8, 4, 3, 7, 6, 5 = 2
1, 2, 3, 8, 4, 0, 7, 6, 5 = 1
1, 2, 3, 8, 0, 4, 7, 6, 5 = 0
1, 2, 3, 8, 0, 4, 7, 6, 5 = 0
0, 3, 2, 1, 4, 6, 8, 7, 5 = 14
3, 0, 2, 1, 4, 6, 8, 7, 5 = 13
3, 4, 2, 1, 0, 6, 8, 7, 5 = 12
3, 4, 2, 1, 6, 0, 8, 7, 5 = 11
3, 4, 0, 1, 6, 2, 8, 7, 5 = 10
3, 0, 4, 1, 6, 2, 8, 7, 5 = 9
0, 3, 4, 1, 6, 2, 8, 7, 5 = 8
1, 3, 4, 0, 6, 2, 8, 7, 5 = 7
1, 3, 4, 8, 6, 2, 0, 7, 5 = 6
1, 3, 4, 8, 6, 2, 7, 0, 5 = 5
1, 3, 4, 8, 0, 2, 7, 6, 5 = 4
1, 3, 4, 8, 2, 0, 7, 6, 5 = 3
1, 3, 0, 8, 2, 4, 7, 6, 5 = 2
1, 0, 3, 8, 2, 4, 7, 6, 5 = 1
1, 2, 3, 8, 0, 4, 7, 6, 5 = 0
8, 0, 2, 4, 1, 6, 7, 5, 3 = 11
8, 1, 2, 4, 0, 6, 7, 5, 3 = 10
8, 1, 2, 4, 6, 0, 7, 5, 3 = 9
8, 1, 2, 4, 6, 3, 7, 5, 0 = 8
8, 1, 2, 4, 6, 3, 7, 0, 5 = 7
8, 1, 2, 4, 0, 3, 7, 6, 5 = 6
8, 1, 2, 0, 4, 3, 7, 6, 5 = 5
0, 1, 2, 8, 4, 3, 7, 6, 5 = 4
1, 0, 2, 8, 4, 3, 7, 6, 5 = 3
1, 2, 0, 8, 4, 3, 7, 6, 5 = 2
1, 2, 3, 8, 4, 0, 7, 6, 5 = 1
1, 2, 3, 8, 0, 4, 7, 6, 5 = 0
2, 8, 0, 1, 5, 3, 7, 4, 6 = 10
2, 8, 3, 1, 5, 0, 7, 4, 6 = 9
2, 8, 3, 1, 0, 5, 7, 4, 6 = 8
2, 8, 3, 1, 4, 5, 7, 0, 6 = 7
2, 8, 3, 1, 4, 5, 7, 6, 0 = 6
2, 8, 3, 1, 4, 0, 7, 6, 5 = 5
2, 8, 3, 1, 0, 4, 7, 6, 5 = 4
2, 0, 3, 1, 8, 4, 7, 6, 5 = 3
0, 2, 3, 1, 8, 4, 7, 6, 5 = 2
1, 2, 3, 0, 8, 4, 7, 6, 5 = 1
1, 2, 3, 8, 0, 4, 7, 6, 5 = 0
1, 2, 3, 7, 8, 4, 6, 0, 5 = 3
1, 2, 3, 7, 8, 4, 0, 6, 5 = 2
1, 2, 3, 0, 8, 4, 7, 6, 5 = 1
1, 2, 3, 8, 0, 4, 7, 6, 5 = 0
1, 2, 3, 8, 0, 4, 7, 6, 5 = 0
1, 2, 3, 8, 0, 4, 7, 6, 5 = 0
1, 2, 3, 8, 4, 5, 7, 6, 0 = 2
1, 2, 3, 8, 4, 0, 7, 6, 5 = 1
1, 2, 3, 8, 0, 4, 7, 6, 5 = 0
2, 8, 3, 1, 0, 4, 7, 6, 5 = 4
2, 0, 3, 1, 8, 4, 7, 6, 5 = 3
0, 2, 3, 1, 8, 4, 7, 6, 5 = 2
1, 2, 3, 0, 8, 4, 7, 6, 5 = 1
1, 2, 3, 8, 0, 4, 7, 6, 5 = 0
2, 6, 3, 0, 7, 4, 1, 8, 5 = 9
2, 6, 3, 1, 7, 4, 0, 8, 5 = 8
2, 6, 3, 1, 7, 4, 8, 0, 5 = 7
2, 6, 3, 1, 0, 4, 8, 7, 5 = 6
2, 0, 3, 1, 6, 4, 8, 7, 5 = 5
0, 2, 3, 1, 6, 4, 8, 7, 5 = 4
1, 2, 3, 0, 6, 4, 8, 7, 5 = 3
1, 2, 3, 8, 6, 4, 0, 7, 5 = 2
1, 2, 3, 8, 6, 4, 7, 0, 5 = 1
1, 2, 3, 8, 0, 4, 7, 6, 5 = 0
1, 2, 3, 8, 6, 4, 7, 0, 5 = 1
1, 2, 3, 8, 0, 4, 7, 6, 5 = 0
1, 2, 3, 8, 4, 5, 7, 6, 0 = 2
1, 2, 3, 8, 4, 0, 7, 6, 5 = 1
1, 2, 3, 8, 0, 4, 7, 6, 5 = 0
1, 2, 3, 0, 4, 5, 8, 7, 6 = 5
1, 2, 3, 8, 4, 5, 0, 7, 6 = 4
1, 2, 3, 8, 4, 5, 7, 0, 6 = 3
1, 2, 3, 8, 4, 5, 7, 6, 0 = 2
1, 2, 3, 8, 4, 0, 7, 6, 5 = 1
1, 2, 3, 8, 0, 4, 7, 6, 5 = 0
2, 8, 3, 1, 6, 4, 7, 0, 5 = 5
2, 8, 3, 1, 0, 4, 7, 6, 5 = 4
2, 0, 3, 1, 8, 4, 7, 6, 5 = 3
0, 2, 3, 1, 8, 4, 7, 6, 5 = 2
1, 2, 3, 0, 8, 4, 7, 6, 5 = 1
1, 2, 3, 8, 0, 4, 7, 6, 5 = 0
1, 0, 3, 8, 2, 4, 7, 6, 5 = 1
1, 2, 3, 8, 0, 4, 7, 6, 5 = 0
6, 1, 2, 0, 4, 3, 8, 7, 5 = 9
0, 1, 2, 6, 4, 3, 8, 7, 5 = 8
1, 0, 2, 6, 4, 3, 8, 7, 5 = 7
1, 2, 0, 6, 4, 3, 8, 7, 5 = 6
1, 2, 3, 6, 4, 0, 8, 7, 5 = 5
1, 2, 3, 6, 0, 4, 8, 7, 5 = 4
1, 2, 3, 0, 6, 4, 8, 7, 5 = 3
1, 2, 3, 8, 6, 4, 0, 7, 5 = 2
1, 2, 3, 8, 6, 4, 7, 0, 5 = 1
1, 2, 3, 8, 0, 4, 7, 6, 5 = 0
0, 1, 3, 8, 2, 5, 7, 4, 6 = 6
1, 0, 3, 8, 2, 5, 7, 4, 6 = 5
1, 2, 3, 8, 0, 5, 7, 4, 6 = 4
1, 2, 3, 8, 4, 5, 7, 0, 6 = 3
1, 2, 3, 8, 4, 5, 7, 6, 0 = 2
1, 2, 3, 8, 4, 0, 7, 6, 5 = 1
1, 2, 3, 8, 0, 4, 7, 6, 5 = 0
2, 4, 3, 7, 5, 0, 1, 8, 6 = 13
2, 4, 3, 7, 0, 5, 1, 8, 6 = 12
2, 4, 3, 0, 7, 5, 1, 8, 6 = 11
2, 4, 3, 1, 7, 5, 0, 8, 6 = 10
2, 4, 3, 1, 7, 5, 8, 0, 6 = 9
2, 4, 3, 1, 0, 5, 8, 7, 6 = 8
2, 0, 3, 1, 4, 5, 8, 7, 6 = 7
0, 2, 3, 1, 4, 5, 8, 7, 6 = 6
1, 2, 3, 0, 4, 5, 8, 7, 6 = 5
1, 2, 3, 8, 4, 5, 0, 7, 6 = 4
1, 2, 3, 8, 4, 5, 7, 0, 6 = 3
1, 2, 3, 8, 4, 5, 7, 6, 0 = 2
1, 2, 3, 8, 4, 0, 7, 6, 5 = 1
1, 2, 3, 8, 0, 4, 7, 6, 5 = 0
1, 2, 3, 8, 5, 6, 7, 4, 0 = 6
1, 2, 3, 8, 5, 0, 7, 4, 6 = 5
1, 2, 3, 8, 0, 5, 7, 4, 6 = 4
1, 2, 3, 8, 4, 5, 7, 0, 6 = 3
1, 2, 3, 8, 4, 5, 7, 6, 0 = 2
1, 2, 3, 8, 4, 0, 7, 6, 5 = 1
1, 2, 3, 8, 0, 4, 7, 6, 5 = 0
2, 4, 0, 1, 3, 8, 7, 6, 5 = 8
2, 0, 4, 1, 3, 8, 7, 6, 5 = 7
2, 3, 4, 1, 0, 8, 7, 6, 5 = 6
2, 3, 4, 1, 8, 0, 7, 6, 5 = 5
2, 3, 0, 1, 8, 4, 7, 6, 5 = 4
2, 0, 3, 1, 8, 4, 7, 6, 5 = 3
0, 2, 3, 1, 8, 4, 7, 6, 5 = 2
1, 2, 3, 0, 8, 4, 7, 6, 5 = 1
1, 2, 3, 8, 0, 4, 7, 6, 5 = 0
1, 2, 3, 0, 6, 4, 8, 7, 5 = 3
1, 2, 3, 8, 6, 4, 0, 7, 5 = 2
1, 2, 3, 8, 6, 4, 7, 0, 5 = 1
1, 2, 3, 8, 0, 4, 7, 6, 5 = 0
2, 3, 4, 0, 1, 8, 7, 6, 5 = 7
2, 3, 4, 1, 0, 8, 7, 6, 5 = 6
2, 3, 4, 1, 8, 0, 7, 6, 5 = 5
2, 3, 0, 1, 8, 4, 7, 6, 5 = 4
2, 0, 3, 1, 8, 4, 7, 6, 5 = 3
0, 2, 3, 1, 8, 4, 7, 6, 5 = 2
1, 2, 3, 0, 8, 4, 7, 6, 5 = 1
1, 2, 3, 8, 0, 4, 7, 6, 5 = 0
1, 3, 4, 8, 2, 0, 7, 6, 5 = 3
1, 3, 0, 8, 2, 4, 7, 6, 5 = 2
1, 0, 3, 8, 2, 4, 7, 6, 5 = 1
1, 2, 3, 8, 0, 4, 7, 6, 5 = 0
0, 7, 4, 3, 2, 5, 8, 1, 6 = 18
7, 0, 4, 3, 2, 5, 8, 1, 6 = 17
7, 2, 4, 3, 0, 5, 8, 1, 6 = 16
7, 2, 4, 0, 3, 5, 8, 1, 6 = 15
0, 2, 4, 7, 3, 5, 8, 1, 6 = 14
2, 0, 4, 7, 3, 5, 8, 1, 6 = 13
2, 3, 4, 7, 0, 5, 8, 1, 6 = 12
2, 3, 4, 7, 1, 5, 8, 0, 6 = 11
2, 3, 4, 7, 1, 5, 0, 8, 6 = 10
2, 3, 4, 0, 1, 5, 7, 8, 6 = 9
2, 3, 4, 1, 0, 5, 7, 8, 6 = 8
2, 3, 4, 1, 8, 5, 7, 0, 6 = 7
2, 3, 4, 1, 8, 5, 7, 6, 0 = 6
2, 3, 4, 1, 8, 0, 7, 6, 5 = 5
2, 3, 0, 1, 8, 4, 7, 6, 5 = 4
2, 0, 3, 1, 8, 4, 7, 6, 5 = 3
0, 2, 3, 1, 8, 4, 7, 6, 5 = 2
1, 2, 3, 0, 8, 4, 7, 6, 5 = 1
1, 2, 3, 8, 0, 4, 7, 6, 5 = 0
8, 3, 4, 2, 0, 6, 7, 5, 1 = 12
8, 3, 4, 2, 6, 0, 7, 5, 1 = 11
8, 3, 4, 2, 6, 1, 7, 5, 0 = 10
8, 3, 4, 2, 6, 1, 7, 0, 5 = 9
8, 3, 4, 2, 0, 1, 7, 6, 5 = 8
8, 3, 4, 2, 1, 0, 7, 6, 5 = 7
8, 3, 0, 2, 1, 4, 7, 6, 5 = 6
8, 0, 3, 2, 1, 4, 7, 6, 5 = 5
8, 1, 3, 2, 0, 4, 7, 6, 5 = 4
8, 1, 3, 0, 2, 4, 7, 6, 5 = 3
0, 1, 3, 8, 2, 4, 7, 6, 5 = 2
1, 0, 3, 8, 2, 4, 7, 6, 5 = 1
1, 2, 3, 8, 0, 4, 7, 6, 5 = 0
3, 4, 5, 7, 2, 0, 1, 8, 6 = 17
3, 4, 0, 7, 2, 5, 1, 8, 6 = 16
3, 0, 4, 7, 2, 5, 1, 8, 6 = 15
3, 2, 4, 7, 0, 5, 1, 8, 6 = 14
3, 2, 4, 0, 7, 5, 1, 8, 6 = 13
3, 2, 4, 1, 7, 5, 0, 8, 6 = 12
3, 2, 4, 1, 7, 5, 8, 0, 6 = 11
3, 2, 4, 1, 0, 5, 8, 7, 6 = 10
3, 0, 4, 1, 2, 5, 8, 7, 6 = 9
0, 3, 4, 1, 2, 5, 8, 7, 6 = 8
1, 3, 4, 0, 2, 5, 8, 7, 6 = 7
1, 3, 4, 8, 2, 5, 0, 7, 6 = 6
1, 3, 4, 8, 2, 5, 7, 0, 6 = 5
1, 3, 4, 8, 2, 5, 7, 6, 0 = 4
1, 3, 4, 8, 2, 0, 7, 6, 5 = 3
1, 3, 0, 8, 2, 4, 7, 6, 5 = 2
1, 0, 3, 8, 2, 4, 7, 6, 5 = 1
1, 2, 3, 8, 0, 4, 7, 6, 5 = 0
1, 4, 0, 8, 3, 2, 7, 6, 5 = 6
1, 0, 4, 8, 3, 2, 7, 6, 5 = 5
1, 3, 4, 8, 0, 2, 7, 6, 5 = 4
1, 3, 4, 8, 2, 0, 7, 6, 5 = 3
1, 3, 0, 8, 2, 4, 7, 6, 5 = 2
1, 0, 3, 8, 2, 4, 7, 6, 5 = 1
1, 2, 3, 8, 0, 4, 7, 6, 5 = 0
8, 0, 1, 4, 5, 2, 7, 3, 6 = 13
8, 1, 0, 4, 5, 2, 7, 3, 6 = 12
8, 1, 2, 4, 5, 0, 7, 3, 6 = 11
8, 1, 2, 4, 0, 5, 7, 3, 6 = 10
8, 1, 2, 4, 3, 5, 7, 0, 6 = 9
8, 1, 2, 4, 3, 5, 7, 6, 0 = 8
8, 1, 2, 4, 3, 0, 7, 6, 5 = 7
8, 1, 2, 4, 0, 3, 7, 6, 5 = 6
8, 1, 2, 0, 4, 3, 7, 6, 5 = 5
0, 1, 2, 8, 4, 3, 7, 6, 5 = 4
1, 0, 2, 8, 4, 3, 7, 6, 5 = 3
1, 2, 0, 8, 4, 3, 7, 6, 5 = 2
1, 2, 3, 8, 4, 0, 7, 6, 5 = 1
1, 2, 3, 8, 0, 4, 7, 6, 5 = 0
6, 1, 3, 8, 2, 0, 7, 5, 4 = 11
6, 1, 3, 8, 2, 4, 7, 5, 0 = 10
6, 1, 3, 8, 2, 4, 7, 0, 5 = 9
6, 1, 3, 8, 2, 4, 0, 7, 5 = 8
6, 1, 3, 0, 2, 4, 8, 7, 5 = 7
0, 1, 3, 6, 2, 4, 8, 7, 5 = 6
1, 0, 3, 6, 2, 4, 8, 7, 5 = 5
1, 2, 3, 6, 0, 4, 8, 7, 5 = 4
1, 2, 3, 0, 6, 4, 8, 7, 5 = 3
1, 2, 3, 8, 6, 4, 0, 7, 5 = 2
1, 2, 3, 8, 6, 4, 7, 0, 5 = 1
1, 2, 3, 8, 0, 4, 7, 6, 5 = 0
8, 1, 3, 2, 4, 0, 7, 6, 5 = 5
8, 1, 3, 2, 0, 4, 7, 6, 5 = 4
8, 1, 3, 0, 2, 4, 7, 6, 5 = 3
0, 1, 3, 8, 2, 4, 7, 6, 5 = 2
1, 0, 3, 8, 2, 4, 7, 6, 5 = 1
1, 2, 3, 8, 0, 4, 7, 6, 5 = 0
2, 3, 4, 1, 8, 5, 0, 7, 6 = 8
2, 3, 4, 1, 8, 5, 7, 0, 6 = 7
2, 3, 4, 1, 8, 5, 7, 6, 0 = 6
2, 3, 4, 1, 8, 0, 7, 6, 5 = 5
2, 3, 0, 1, 8, 4, 7, 6, 5 = 4
2, 0, 3, 1, 8, 4, 7, 6, 5 = 3
0, 2, 3, 1, 8, 4, 7, 6, 5 = 2
1, 2, 3, 0, 8, 4, 7, 6, 5 = 1
1, 2, 3, 8, 0, 4, 7, 6, 5 = 0
6, 1, 3, 2, 7, 4, 0, 8, 5 = 10
6, 1, 3, 2, 7, 4, 8, 0, 5 = 9
6, 1, 3, 2, 0, 4, 8, 7, 5 = 8
6, 1, 3, 0, 2, 4, 8, 7, 5 = 7
0, 1, 3, 6, 2, 4, 8, 7, 5 = 6
1, 0, 3, 6, 2, 4, 8, 7, 5 = 5
1, 2, 3, 6, 0, 4, 8, 7, 5 = 4
1, 2, 3, 0, 6, 4, 8, 7, 5 = 3
1, 2, 3, 8, 6, 4, 0, 7, 5 = 2
1, 2, 3, 8, 6, 4, 7, 0, 5 = 1
1, 2, 3, 8, 0, 4, 7, 6, 5 = 0
2, 3, 5, 0, 1, 4, 8, 7, 6 = 11
2, 3, 5, 1, 0, 4, 8, 7, 6 = 10
2, 3, 5, 1, 4, 0, 8, 7, 6 = 9
2, 3, 0, 1, 4, 5, 8, 7, 6 = 8
2, 0, 3, 1, 4, 5, 8, 7, 6 = 7
0, 2, 3, 1, 4, 5, 8, 7, 6 = 6
1, 2, 3, 0, 4, 5, 8, 7, 6 = 5
1, 2, 3, 8, 4, 5, 0, 7, 6 = 4
1, 2, 3, 8, 4, 5, 7, 0, 6 = 3
1, 2, 3, 8, 4, 5, 7, 6, 0 = 2
1, 2, 3, 8, 4, 0, 7, 6, 5 = 1
1, 2, 3, 8, 0, 4, 7, 6, 5 = 0
1, 4, 2, 0, 6, 3, 8, 7, 5 = 7
1, 4, 2, 8, 6, 3, 0, 7, 5 = 6
1, 4, 2, 8, 6, 3, 7, 0, 5 = 5
1, 4, 2, 8, 0, 3, 7, 6, 5 = 4
1, 0, 2, 8, 4, 3, 7, 6, 5 = 3
1, 2, 0, 8, 4, 3, 7, 6, 5 = 2
1, 2, 3, 8, 4, 0, 7, 6, 5 = 1
1, 2, 3, 8, 0, 4, 7, 6, 5 = 0
3, 4, 0, 2, 1, 8, 7, 6, 5 = 10
3, 0, 4, 2, 1, 8, 7, 6, 5 = 9
0, 3, 4, 2, 1, 8, 7, 6, 5 = 8
2, 3, 4, 0, 1, 8, 7, 6, 5 = 7
2, 3, 4, 1, 0, 8, 7, 6, 5 = 6
2, 3, 4, 1, 8, 0, 7, 6, 5 = 5
2, 3, 0, 1, 8, 4, 7, 6, 5 = 4
2, 0, 3, 1, 8, 4, 7, 6, 5 = 3
0, 2, 3, 1, 8, 4, 7, 6, 5 = 2
1, 2, 3, 0, 8, 4, 7, 6, 5 = 1
1, 2, 3, 8, 0, 4, 7, 6, 5 = 0
1, 4, 2, 8, 3, 0, 7, 6, 5 = 5
1, 4, 2, 8, 0, 3, 7, 6, 5 = 4
1, 0, 2, 8, 4, 3, 7, 6, 5 = 3
1, 2, 0, 8, 4, 3, 7, 6, 5 = 2
1, 2, 3, 8, 4, 0, 7, 6, 5 = 1
1, 2, 3, 8, 0, 4, 7, 6, 5 = 0
1, 2, 3, 6, 0, 4, 8, 7, 5 = 4
1, 2, 3, 0, 6, 4, 8, 7, 5 = 3
1, 2, 3, 8, 6, 4, 0, 7, 5 = 2
1, 2, 3, 8, 6, 4, 7, 0, 5 = 1
1, 2, 3, 8, 0, 4, 7, 6, 5 = 0
1, 6, 0, 8, 4, 3, 2, 7, 5 = 12
1, 6, 3, 8, 4, 0, 2, 7, 5 = 11
1, 6, 3, 8, 0, 4, 2, 7, 5 = 10
1, 0, 3, 8, 6, 4, 2, 7, 5 = 9
0, 1, 3, 8, 6, 4, 2, 7, 5 = 8
8, 1, 3, 0, 6, 4, 2, 7, 5 = 7
8, 1, 3, 2, 6, 4, 0, 7, 5 = 6
8, 1, 3, 2, 6, 4, 7, 0, 5 = 5
8, 1, 3, 2, 0, 4, 7, 6, 5 = 4
8, 1, 3, 0, 2, 4, 7, 6, 5 = 3
0, 1, 3, 8, 2, 4, 7, 6, 5 = 2
1, 0, 3, 8, 2, 4, 7, 6, 5 = 1
1, 2, 3, 8, 0, 4, 7, 6, 5 = 0
0, 2, 3, 1, 8, 4, 7, 6, 5 = 2
1, 2, 3, 0, 8, 4, 7, 6, 5 = 1
1, 2, 3, 8, 0, 4, 7, 6, 5 = 0
8, 3, 4, 2, 1, 5, 7, 0, 6 = 9
8, 3, 4, 2, 1, 5, 7, 6, 0 = 8
8, 3, 4, 2, 1, 0, 7, 6, 5 = 7
8, 3, 0, 2, 1, 4, 7, 6, 5 = 6
8, 0, 3, 2, 1, 4, 7, 6, 5 = 5
8, 1, 3, 2, 0, 4, 7, 6, 5 = 4
8, 1, 3, 0, 2, 4, 7, 6, 5 = 3
0, 1, 3, 8, 2, 4, 7, 6, 5 = 2
1, 0, 3, 8, 2, 4, 7, 6, 5 = 1
1, 2, 3, 8, 0, 4, 7, 6, 5 = 0
2, 3, 0, 1, 6, 4, 8, 7, 5 = 6
2, 0, 3, 1, 6, 4, 8, 7, 5 = 5
0, 2, 3, 1, 6, 4, 8, 7, 5 = 4
1, 2, 3, 0, 6, 4, 8, 7, 5 = 3
1, 2, 3, 8, 6, 4, 0, 7, 5 = 2
1, 2, 3, 8, 6, 4, 7, 0, 5 = 1
1, 2, 3, 8, 0, 4, 7, 6, 5 = 0
1, 3, 4, 8, 2, 0, 7, 6, 5 = 3
1, 3, 0, 8, 2, 4, 7, 6, 5 = 2
1, 0, 3, 8, 2, 4, 7, 6, 5 = 1
1, 2, 3, 8, 0, 4, 7, 6, 5 = 0
1, 0, 3, 8, 2, 5, 7, 4, 6 = 5
1, 2, 3, 8, 0, 5, 7, 4, 6 = 4
1, 2, 3, 8, 4, 5, 7, 0, 6 = 3
1, 2, 3, 8, 4, 5, 7, 6, 0 = 2
1, 2, 3, 8, 4, 0, 7, 6, 5 = 1
1, 2, 3, 8, 0, 4, 7, 6, 5 = 0
1, 2, 3, 8, 6, 4, 7, 0, 5 = 1
1, 2, 3, 8, 0, 4, 7, 6, 5 = 0
1, 4, 2, 8, 0, 3, 7, 6, 5 = 4
1, 0, 2, 8, 4, 3, 7, 6, 5 = 3
1, 2, 0, 8, 4, 3, 7, 6, 5 = 2
1, 2, 3, 8, 4, 0, 7, 6, 5 = 1
1, 2, 3, 8, 0, 4, 7, 6, 5 = 0
7, 6, 2, 1, 0, 3, 8, 5, 4 = 14
7, 0, 2, 1, 6, 3, 8, 5, 4 = 13
0, 7, 2, 1, 6, 3, 8, 5, 4 = 12
1, 7, 2, 0, 6, 3, 8, 5, 4 = 11
1, 7, 2, 6, 0, 3, 8, 5, 4 = 10
1, 0, 2, 6, 7, 3, 8, 5, 4 = 9
1, 2, 0, 6, 7, 3, 8, 5, 4 = 8
1, 2, 3, 6, 7, 0, 8, 5, 4 = 7
1, 2, 3, 6, 7, 4, 8, 5, 0 = 6
1, 2, 3, 6, 7, 4, 8, 0, 5 = 5
1, 2, 3, 6, 0, 4, 8, 7, 5 = 4
1, 2, 3, 0, 6, 4, 8, 7, 5 = 3
1, 2, 3, 8, 6, 4, 0, 7, 5 = 2
1, 2, 3, 8, 6, 4, 7, 0, 5 = 1
1, 2, 3, 8, 0, 4, 7, 6, 5 = 0
1, 4, 3, 8, 7, 5, 0, 2, 6 = 14
1, 4, 3, 8, 7, 5, 2, 0, 6 = 13
1, 4, 3, 8, 0, 5, 2, 7, 6 = 12
1, 0, 3, 8, 4, 5, 2, 7, 6 = 11
0, 1, 3, 8, 4, 5, 2, 7, 6 = 10
8, 1, 3, 0, 4, 5, 2, 7, 6 = 9
8, 1, 3, 2, 4, 5, 0, 7, 6 = 8
8, 1, 3, 2, 4, 5, 7, 0, 6 = 7
8, 1, 3, 2, 4, 5, 7, 6, 0 = 6
8, 1, 3, 2, 4, 0, 7, 6, 5 = 5
8, 1, 3, 2, 0, 4, 7, 6, 5 = 4
8, 1, 3, 0, 2, 4, 7, 6, 5 = 3
0, 1, 3, 8, 2, 4, 7, 6, 5 = 2
1, 0, 3, 8, 2, 4, 7, 6, 5 = 1
1, 2, 3, 8, 0, 4, 7, 6, 5 = 0
1, 3, 4, 6, 2, 5, 0, 8, 7 = 10
1, 3, 4, 6, 2, 5, 8, 0, 7 = 9
1, 3, 4, 6, 2, 5, 8, 7, 0 = 8
1, 3, 4, 6, 2, 0, 8, 7, 5 = 7
1, 3, 0, 6, 2, 4, 8, 7, 5 = 6
1, 0, 3, 6, 2, 4, 8, 7, 5 = 5
1, 2, 3, 6, 0, 4, 8, 7, 5 = 4
1, 2, 3, 0, 6, 4, 8, 7, 5 = 3
1, 2, 3, 8, 6, 4, 0, 7, 5 = 2
1, 2, 3, 8, 6, 4, 7, 0, 5 = 1
1, 2, 3, 8, 0, 4, 7, 6, 5 = 0
1, 3, 4, 0, 8, 2, 7, 6, 5 = 5
1, 3, 4, 8, 0, 2, 7, 6, 5 = 4
1, 3, 4, 8, 2, 0, 7, 6, 5 = 3
1, 3, 0, 8, 2, 4, 7, 6, 5 = 2
1, 0, 3, 8, 2, 4, 7, 6, 5 = 1
1, 2, 3, 8, 0, 4, 7, 6, 5 = 0
8, 1, 3, 7, 2, 4, 6, 0, 5 = 5
8, 1, 3, 7, 2, 4, 0, 6, 5 = 4
8, 1, 3, 0, 2, 4, 7, 6, 5 = 3
0, 1, 3, 8, 2, 4, 7, 6, 5 = 2
1, 0, 3, 8, 2, 4, 7, 6, 5 = 1
1, 2, 3, 8, 0, 4, 7, 6, 5 = 0
1, 8, 2, 7, 5, 3, 6, 0, 4 = 9
1, 8, 2, 7, 0, 3, 6, 5, 4 = 8
1, 0, 2, 7, 8, 3, 6, 5, 4 = 7
1, 2, 0, 7, 8, 3, 6, 5, 4 = 6
1, 2, 3, 7, 8, 0, 6, 5, 4 = 5
1, 2, 3, 7, 8, 4, 6, 5, 0 = 4
1, 2, 3, 7, 8, 4, 6, 0, 5 = 3
1, 2, 3, 7, 8, 4, 0, 6, 5 = 2
1, 2, 3, 0, 8, 4, 7, 6, 5 = 1
1, 2, 3, 8, 0, 4, 7, 6, 5 = 0
1, 6, 2, 0, 8, 3, 7, 5, 4 = 7
1, 6, 2, 8, 0, 3, 7, 5, 4 = 6
1, 0, 2, 8, 6, 3, 7, 5, 4 = 5
1, 2, 0, 8, 6, 3, 7, 5, 4 = 4
1, 2, 3, 8, 6, 0, 7, 5, 4 = 3
1, 2, 3, 8, 6, 4, 7, 5, 0 = 2
1, 2, 3, 8, 6, 4, 7, 0, 5 = 1
1, 2, 3, 8, 0, 4, 7, 6, 5 = 0
8, 1, 2, 4, 3, 5, 7, 6, 0 = 8
8, 1, 2, 4, 3, 0, 7, 6, 5 = 7
8, 1, 2, 4, 0, 3, 7, 6, 5 = 6
8, 1, 2, 0, 4, 3, 7, 6, 5 = 5
0, 1, 2, 8, 4, 3, 7, 6, 5 = 4
1, 0, 2, 8, 4, 3, 7, 6, 5 = 3
1, 2, 0, 8, 4, 3, 7, 6, 5 = 2
1, 2, 3, 8, 4, 0, 7, 6, 5 = 1
1, 2, 3, 8, 0, 4, 7, 6, 5 = 0
5, 8, 2, 1, 0, 3, 7, 4, 6 = 12
5, 0, 2, 1, 8, 3, 7, 4, 6 = 11
0, 5, 2, 1, 8, 3, 7, 4, 6 = 10
1, 5, 2, 0, 8, 3, 7, 4, 6 = 9
1, 5, 2, 8, 0, 3, 7, 4, 6 = 8
1, 0, 2, 8, 5, 3, 7, 4, 6 = 7
1, 2, 0, 8, 5, 3, 7, 4, 6 = 6
1, 2, 3, 8, 5, 0, 7, 4, 6 = 5
1, 2, 3, 8, 0, 5, 7, 4, 6 = 4
1, 2, 3, 8, 4, 5, 7, 0, 6 = 3
1, 2, 3, 8, 4, 5, 7, 6, 0 = 2
1, 2, 3, 8, 4, 0, 7, 6, 5 = 1
1, 2, 3, 8, 0, 4, 7, 6, 5 = 0
1, 3, 4, 6, 2, 0, 8, 7, 5 = 7
1, 3, 0, 6, 2, 4, 8, 7, 5 = 6
1, 0, 3, 6, 2, 4, 8, 7, 5 = 5
1, 2, 3, 6, 0, 4, 8, 7, 5 = 4
1, 2, 3, 0, 6, 4, 8, 7, 5 = 3
1, 2, 3, 8, 6, 4, 0, 7, 5 = 2
1, 2, 3, 8, 6, 4, 7, 0, 5 = 1
1, 2, 3, 8, 0, 4, 7, 6, 5 = 0
1, 2, 3, 8, 0, 4, 7, 6, 5 = 0
3, 8, 4, 0, 5, 6, 1, 7, 2 = 15
3, 8, 4, 1, 5, 6, 0, 7, 2 = 14
3, 8, 4, 1, 5, 6, 7, 0, 2 = 13
3, 8, 4, 1, 5, 6, 7, 2, 0 = 12
3, 8, 4, 1, 5, 0, 7, 2, 6 = 11
3, 8, 4, 1, 0, 5, 7, 2, 6 = 10
3, 0, 4, 1, 8, 5, 7, 2, 6 = 9
0, 3, 4, 1, 8, 5, 7, 2, 6 = 8
1, 3, 4, 0, 8, 5, 7, 2, 6 = 7
1, 3, 4, 8, 0, 5, 7, 2, 6 = 6
1, 3, 4, 8, 2, 5, 7, 0, 6 = 5
1, 3, 4, 8, 2, 5, 7, 6, 0 = 4
1, 3, 4, 8, 2, 0, 7, 6, 5 = 3
1, 3, 0, 8, 2, 4, 7, 6, 5 = 2
1, 0, 3, 8, 2, 4, 7, 6, 5 = 1
1, 2, 3, 8, 0, 4, 7, 6, 5 = 0
1, 2, 3, 8, 6, 4, 7, 5, 0 = 2
1, 2, 3, 8, 6, 4, 7, 0, 5 = 1
1, 2, 3, 8, 0, 4, 7, 6, 5 = 0
1, 2, 3, 8, 4, 0, 7, 6, 5 = 1
1, 2, 3, 8, 0, 4, 7, 6, 5 = 0
6, 1, 3, 0, 2, 4, 8, 7, 5 = 7
0, 1, 3, 6, 2, 4, 8, 7, 5 = 6
1, 0, 3, 6, 2, 4, 8, 7, 5 = 5
1, 2, 3, 6, 0, 4, 8, 7, 5 = 4
1, 2, 3, 0, 6, 4, 8, 7, 5 = 3
1, 2, 3, 8, 6, 4, 0, 7, 5 = 2
1, 2, 3, 8, 6, 4, 7, 0, 5 = 1
1, 2, 3, 8, 0, 4, 7, 6, 5 = 0
1, 3, 4, 8, 0, 6, 7, 5, 2 = 8
1, 3, 4, 8, 6, 0, 7, 5, 2 = 7
1, 3, 4, 8, 6, 2, 7, 5, 0 = 6
1, 3, 4, 8, 6, 2, 7, 0, 5 = 5
1, 3, 4, 8, 0, 2, 7, 6, 5 = 4
1, 3, 4, 8, 2, 0, 7, 6, 5 = 3
1, 3, 0, 8, 2, 4, 7, 6, 5 = 2
1, 0, 3, 8, 2, 4, 7, 6, 5 = 1
1, 2, 3, 8, 0, 4, 7, 6, 5 = 0
2, 4, 3, 1, 5, 0, 8, 7, 6 = 9
2, 4, 3, 1, 0, 5, 8, 7, 6 = 8
2, 0, 3, 1, 4, 5, 8, 7, 6 = 7
0, 2, 3, 1, 4, 5, 8, 7, 6 = 6
1, 2, 3, 0, 4, 5, 8, 7, 6 = 5
1, 2, 3, 8, 4, 5, 0, 7, 6 = 4
1, 2, 3, 8, 4, 5, 7, 0, 6 = 3
1, 2, 3, 8, 4, 5, 7, 6, 0 = 2
1, 2, 3, 8, 4, 0, 7, 6, 5 = 1
1, 2, 3, 8, 0, 4, 7, 6, 5 = 0
1, 2, 3, 7, 8, 6, 5, 0, 4 = 7
1, 2, 3, 7, 8, 6, 0, 5, 4 = 6
1, 2, 3, 0, 8, 6, 7, 5, 4 = 5
1, 2, 3, 8, 0, 6, 7, 5, 4 = 4
1, 2, 3, 8, 6, 0, 7, 5, 4 = 3
1, 2, 3, 8, 6, 4, 7, 5, 0 = 2
1, 2, 3, 8, 6, 4, 7, 0, 5 = 1
1, 2, 3, 8, 0, 4, 7, 6, 5 = 0
0, 8, 3, 7, 2, 1, 6, 4, 5 = 14
8, 0, 3, 7, 2, 1, 6, 4, 5 = 13
8, 2, 3, 7, 0, 1, 6, 4, 5 = 12
8, 2, 3, 7, 1, 0, 6, 4, 5 = 11
8, 2, 0, 7, 1, 3, 6, 4, 5 = 10
8, 0, 2, 7, 1, 3, 6, 4, 5 = 9
8, 1, 2, 7, 0, 3, 6, 4, 5 = 8
8, 1, 2, 7, 4, 3, 6, 0, 5 = 7
8, 1, 2, 7, 4, 3, 0, 6, 5 = 6
8, 1, 2, 0, 4, 3, 7, 6, 5 = 5
0, 1, 2, 8, 4, 3, 7, 6, 5 = 4
1, 0, 2, 8, 4, 3, 7, 6, 5 = 3
1, 2, 0, 8, 4, 3, 7, 6, 5 = 2
1, 2, 3, 8, 4, 0, 7, 6, 5 = 1
1, 2, 3, 8, 0, 4, 7, 6, 5 = 0
1, 2, 3, 4, 5, 6, 8, 0, 7 = 9
1, 2, 3, 4, 5, 6, 8, 7, 0 = 8
1, 2, 3, 4, 5, 0, 8, 7, 6 = 7
1, 2, 3, 4, 0, 5, 8, 7, 6 = 6
1, 2, 3, 0, 4, 5, 8, 7, 6 = 5
1, 2, 3, 8, 4, 5, 0, 7, 6 = 4
1, 2, 3, 8, 4, 5, 7, 0, 6 = 3
1, 2, 3, 8, 4, 5, 7, 6, 0 = 2
1, 2, 3, 8, 4, 0, 7, 6, 5 = 1
1, 2, 3, 8, 0, 4, 7, 6, 5 = 0
1, 0, 3, 8, 2, 4, 7, 6, 5 = 1
1, 2, 3, 8, 0, 4, 7, 6, 5 = 0
1, 4, 2, 8, 0, 3, 7, 6, 5 = 4
1, 0, 2, 8, 4, 3, 7, 6, 5 = 3
1, 2, 0, 8, 4, 3, 7, 6, 5 = 2
1, 2, 3, 8, 4, 0, 7, 6, 5 = 1
1, 2, 3, 8, 0, 4, 7, 6, 5 = 0
8, 1, 3, 0, 2, 4, 7, 6, 5 = 3
0, 1, 3, 8, 2, 4, 7, 6, 5 = 2
1, 0, 3, 8, 2, 4, 7, 6, 5 = 1
1, 2, 3, 8, 0, 4, 7, 6, 5 = 0
0, 1, 3, 8, 2, 4, 7, 6, 5 = 2
1, 0, 3, 8, 2, 4, 7, 6, 5 = 1
1, 2, 3, 8, 0, 4, 7, 6, 5 = 0
0, 5, 2, 1, 8, 3, 7, 4, 6 = 10
1, 5, 2, 0, 8, 3, 7, 4, 6 = 9
1, 5, 2, 8, 0, 3, 7, 4, 6 = 8
1, 0, 2, 8, 5, 3, 7, 4, 6 = 7
1, 2, 0, 8, 5, 3, 7, 4, 6 = 6
1, 2, 3, 8, 5, 0, 7, 4, 6 = 5
1, 2, 3, 8, 0, 5, 7, 4, 6 = 4
1, 2, 3, 8, 4, 5, 7, 0, 6 = 3
1, 2, 3, 8, 4, 5, 7, 6, 0 = 2
1, 2, 3, 8, 4, 0, 7, 6, 5 = 1
1, 2, 3, 8, 0, 4, 7, 6, 5 = 0
8, 4, 1, 2, 3, 0, 7, 6, 5 = 9
8, 4, 1, 2, 0, 3, 7, 6, 5 = 8
8, 0, 1, 2, 4, 3, 7, 6, 5 = 7
8, 1, 0, 2, 4, 3, 7, 6, 5 = 6
8, 1, 3, 2, 4, 0, 7, 6, 5 = 5
8, 1, 3, 2, 0, 4, 7, 6, 5 = 4
8, 1, 3, 0, 2, 4, 7, 6, 5 = 3
0, 1, 3, 8, 2, 4, 7, 6, 5 = 2
1, 0, 3, 8, 2, 4, 7, 6, 5 = 1
1, 2, 3, 8, 0, 4, 7, 6, 5 = 0
0, 4, 5, 2, 3, 1, 8, 7, 6 = 16
4, 0, 5, 2, 3, 1, 8, 7, 6 = 15
4, 3, 5, 2, 0, 1, 8, 7, 6 = 14
4, 3, 5, 2, 1, 0, 8, 7, 6 = 13
4, 3, 0, 2, 1, 5, 8, 7, 6 = 12
4, 0, 3, 2, 1, 5, 8, 7, 6 = 11
4, 1, 3, 2, 0, 5, 8, 7, 6 = 10
4, 1, 3, 0, 2, 5, 8, 7, 6 = 9
0, 1, 3, 4, 2, 5, 8, 7, 6 = 8
1, 0, 3, 4, 2, 5, 8, 7, 6 = 7
1, 2, 3, 4, 0, 5, 8, 7, 6 = 6
1, 2, 3, 0, 4, 5, 8, 7, 6 = 5
1, 2, 3, 8, 4, 5, 0, 7, 6 = 4
1, 2, 3, 8, 4, 5, 7, 0, 6 = 3
1, 2, 3, 8, 4, 5, 7, 6, 0 = 2
1, 2, 3, 8, 4, 0, 7, 6, 5 = 1
1, 2, 3, 8, 0, 4, 7, 6, 5 = 0
1, 2, 3, 8, 4, 0, 7, 6, 5 = 1
1, 2, 3, 8, 0, 4, 7, 6, 5 = 0
1, 2, 3, 6, 0, 4, 8, 7, 5 = 4
1, 2, 3, 0, 6, 4, 8, 7, 5 = 3
1, 2, 3, 8, 6, 4, 0, 7, 5 = 2
1, 2, 3, 8, 6, 4, 7, 0, 5 = 1
1, 2, 3, 8, 0, 4, 7, 6, 5 = 0
1, 3, 4, 8, 2, 5, 7, 0, 6 = 5
1, 3, 4, 8, 2, 5, 7, 6, 0 = 4
1, 3, 4, 8, 2, 0, 7, 6, 5 = 3
1, 3, 0, 8, 2, 4, 7, 6, 5 = 2
1, 0, 3, 8, 2, 4, 7, 6, 5 = 1
1, 2, 3, 8, 0, 4, 7, 6, 5 = 0
1, 2, 3, 8, 6, 4, 7, 5, 0 = 2
1, 2, 3, 8, 6, 4, 7, 0, 5 = 1
1, 2, 3, 8, 0, 4, 7, 6, 5 = 0
1, 2, 3, 7, 0, 4, 6, 8, 5 = 4
1, 2, 3, 7, 8, 4, 6, 0, 5 = 3
1, 2, 3, 7, 8, 4, 0, 6, 5 = 2
1, 2, 3, 0, 8, 4, 7, 6, 5 = 1
1, 2, 3, 8, 0, 4, 7, 6, 5 = 0
1, 2, 3, 8, 6, 4, 7, 5, 0 = 2
1, 2, 3, 8, 6, 4, 7, 0, 5 = 1
1, 2, 3, 8, 0, 4, 7, 6, 5 = 0
1, 3, 4, 2, 7, 5, 8, 0, 6 = 9
1, 3, 4, 2, 0, 5, 8, 7, 6 = 8
1, 3, 4, 0, 2, 5, 8, 7, 6 = 7
1, 3, 4, 8, 2, 5, 0, 7, 6 = 6
1, 3, 4, 8, 2, 5, 7, 0, 6 = 5
1, 3, 4, 8, 2, 5, 7, 6, 0 = 4
1, 3, 4, 8, 2, 0, 7, 6, 5 = 3
1, 3, 0, 8, 2, 4, 7, 6, 5 = 2
1, 0, 3, 8, 2, 4, 7, 6, 5 = 1
1, 2, 3, 8, 0, 4, 7, 6, 5 = 0
1, 2, 3, 8, 0, 4, 7, 6, 5 = 0
0, 2, 3, 4, 1, 5, 8, 6, 7 = 16
4, 2, 3, 0, 1, 5, 8, 6, 7 = 15
4, 2, 3, 1, 0, 5, 8, 6, 7 = 14
4, 2, 3, 1, 6, 5, 8, 0, 7 = 13
4, 2, 3, 1, 6, 5, 8, 7, 0 = 12
4, 2, 3, 1, 6, 0, 8, 7, 5 = 11
4, 2, 0, 1, 6, 3, 8, 7, 5 = 10
4, 0, 2, 1, 6, 3, 8, 7, 5 = 9
0, 4, 2, 1, 6, 3, 8, 7, 5 = 8
1, 4, 2, 0, 6, 3, 8, 7, 5 = 7
1, 4, 2, 8, 6, 3, 0, 7, 5 = 6
1, 4, 2, 8, 6, 3, 7, 0, 5 = 5
1, 4, 2, 8, 0, 3, 7, 6, 5 = 4
1, 0, 2, 8, 4, 3, 7, 6, 5 = 3
1, 2, 0, 8, 4, 3, 7, 6, 5 = 2
1, 2, 3, 8, 4, 0, 7, 6, 5 = 1
1, 2, 3, 8, 0, 4, 7, 6, 5 = 0
7, 3, 4, 2, 8, 0, 6, 5, 1 = 15
7, 3, 4, 2, 8, 1, 6, 5, 0 = 14
7, 3, 4, 2, 8, 1, 6, 0, 5 = 13
7, 3, 4, 2, 0, 1, 6, 8, 5 = 12
7, 3, 4, 2, 1, 0, 6, 8, 5 = 11
7, 3, 0, 2, 1, 4, 6, 8, 5 = 10
7, 0, 3, 2, 1, 4, 6, 8, 5 = 9
7, 1, 3, 2, 0, 4, 6, 8, 5 = 8
7, 1, 3, 0, 2, 4, 6, 8, 5 = 7
0, 1, 3, 7, 2, 4, 6, 8, 5 = 6
1, 0, 3, 7, 2, 4, 6, 8, 5 = 5
1, 2, 3, 7, 0, 4, 6, 8, 5 = 4
1, 2, 3, 7, 8, 4, 6, 0, 5 = 3
1, 2, 3, 7, 8, 4, 0, 6, 5 = 2
1, 2, 3, 0, 8, 4, 7, 6, 5 = 1
1, 2, 3, 8, 0, 4, 7, 6, 5 = 0
8, 1, 3, 7, 0, 4, 6, 2, 5 = 6
8, 1, 3, 7, 2, 4, 6, 0, 5 = 5
8, 1, 3, 7, 2, 4, 0, 6, 5 = 4
8, 1, 3, 0, 2, 4, 7, 6, 5 = 3
0, 1, 3, 8, 2, 4, 7, 6, 5 = 2
1, 0, 3, 8, 2, 4, 7, 6, 5 = 1
1, 2, 3, 8, 0, 4, 7, 6, 5 = 0
1, 0, 3, 8, 2, 6, 7, 5, 4 = 5
1, 2, 3, 8, 0, 6, 7, 5, 4 = 4
1, 2, 3, 8, 6, 0, 7, 5, 4 = 3
1, 2, 3, 8, 6, 4, 7, 5, 0 = 2
1, 2, 3, 8, 6, 4, 7, 0, 5 = 1
1, 2, 3, 8, 0, 4, 7, 6, 5 = 0
8, 1, 3, 0, 2, 5, 7, 4, 6 = 7
0, 1, 3, 8, 2, 5, 7, 4, 6 = 6
1, 0, 3, 8, 2, 5, 7, 4, 6 = 5
1, 2, 3, 8, 0, 5, 7, 4, 6 = 4
1, 2, 3, 8, 4, 5, 7, 0, 6 = 3
1, 2, 3, 8, 4, 5, 7, 6, 0 = 2
1, 2, 3, 8, 4, 0, 7, 6, 5 = 1
1, 2, 3, 8, 0, 4, 7, 6, 5 = 0
1, 3, 0, 8, 2, 4, 7, 6, 5 = 2
1, 0, 3, 8, 2, 4, 7, 6, 5 = 1
1, 2, 3, 8, 0, 4, 7, 6, 5 = 0
8, 1, 3, 0, 2, 4, 7, 6, 5 = 3
0, 1, 3, 8, 2, 4, 7, 6, 5 = 2
1, 0, 3, 8, 2, 4, 7, 6, 5 = 1
1, 2, 3, 8, 0, 4, 7, 6, 5 = 0
2, 8, 3, 5, 7, 6, 0, 1, 4 = 14
2, 8, 3, 0, 7, 6, 5, 1, 4 = 13
2, 8, 3, 7, 0, 6, 5, 1, 4 = 12
2, 8, 3, 7, 1, 6, 5, 0, 4 = 11
2, 8, 3, 7, 1, 6, 0, 5, 4 = 10
2, 8, 3, 0, 1, 6, 7, 5, 4 = 9
2, 8, 3, 1, 0, 6, 7, 5, 4 = 8
2, 0, 3, 1, 8, 6, 7, 5, 4 = 7
0, 2, 3, 1, 8, 6, 7, 5, 4 = 6
1, 2, 3, 0, 8, 6, 7, 5, 4 = 5
1, 2, 3, 8, 0, 6, 7, 5, 4 = 4
1, 2, 3, 8, 6, 0, 7, 5, 4 = 3
1, 2, 3, 8, 6, 4, 7, 5, 0 = 2
1, 2, 3, 8, 6, 4, 7, 0, 5 = 1
1, 2, 3, 8, 0, 4, 7, 6, 5 = 0
6, 3, 0, 1, 8, 4, 2, 7, 5 = 14
6, 0, 3, 1, 8, 4, 2, 7, 5 = 13
0, 6, 3, 1, 8, 4, 2, 7, 5 = 12
1, 6, 3, 0, 8, 4, 2, 7, 5 = 11
1, 6, 3, 8, 0, 4, 2, 7, 5 = 10
1, 0, 3, 8, 6, 4, 2, 7, 5 = 9
0, 1, 3, 8, 6, 4, 2, 7, 5 = 8
8, 1, 3, 0, 6, 4, 2, 7, 5 = 7
8, 1, 3, 2, 6, 4, 0, 7, 5 = 6
8, 1, 3, 2, 6, 4, 7, 0, 5 = 5
8, 1, 3, 2, 0, 4, 7, 6, 5 = 4
8, 1, 3, 0, 2, 4, 7, 6, 5 = 3
0, 1, 3, 8, 2, 4, 7, 6, 5 = 2
1, 0, 3, 8, 2, 4, 7, 6, 5 = 1
1, 2, 3, 8, 0, 4, 7, 6, 5 = 0
1, 3, 0, 2, 7, 4, 8, 6, 5 = 12
1, 3, 4, 2, 7, 0, 8, 6, 5 = 11
1, 3, 4, 2, 7, 5, 8, 6, 0 = 10
1, 3, 4, 2, 7, 5, 8, 0, 6 = 9
1, 3, 4, 2, 0, 5, 8, 7, 6 = 8
1, 3, 4, 0, 2, 5, 8, 7, 6 = 7
1, 3, 4, 8, 2, 5, 0, 7, 6 = 6
1, 3, 4, 8, 2, 5, 7, 0, 6 = 5
1, 3, 4, 8, 2, 5, 7, 6, 0 = 4
1, 3, 4, 8, 2, 0, 7, 6, 5 = 3
1, 3, 0, 8, 2, 4, 7, 6, 5 = 2
1, 0, 3, 8, 2, 4, 7, 6, 5 = 1
1, 2, 3, 8, 0, 4, 7, 6, 5 = 0
1, 0, 3, 7, 2, 5, 6, 4, 8 = 9
1, 2, 3, 7, 0, 5, 6, 4, 8 = 8
1, 2, 3, 7, 4, 5, 6, 0, 8 = 7
1, 2, 3, 7, 4, 5, 6, 8, 0 = 6
1, 2, 3, 7, 4, 0, 6, 8, 5 = 5
1, 2, 3, 7, 0, 4, 6, 8, 5 = 4
1, 2, 3, 7, 8, 4, 6, 0, 5 = 3
1, 2, 3, 7, 8, 4, 0, 6, 5 = 2
1, 2, 3, 0, 8, 4, 7, 6, 5 = 1
1, 2, 3, 8, 0, 4, 7, 6, 5 = 0
1, 0, 4, 3, 2, 5, 7, 8, 6 = 13
1, 2, 4, 3, 0, 5, 7, 8, 6 = 12
1, 2, 4, 0, 3, 5, 7, 8, 6 = 11
0, 2, 4, 1, 3, 5, 7, 8, 6 = 10
2, 0, 4, 1, 3, 5, 7, 8, 6 = 9
2, 3, 4, 1, 0, 5, 7, 8, 6 = 8
2, 3, 4, 1, 8, 5, 7, 0, 6 = 7
2, 3, 4, 1, 8, 5, 7, 6, 0 = 6
2, 3, 4, 1, 8, 0, 7, 6, 5 = 5
2, 3, 0, 1, 8, 4, 7, 6, 5 = 4
2, 0, 3, 1, 8, 4, 7, 6, 5 = 3
0, 2, 3, 1, 8, 4, 7, 6, 5 = 2
1, 2, 3, 0, 8, 4, 7, 6, 5 = 1
1, 2, 3, 8, 0, 4, 7, 6, 5 = 0
2, 8, 3, 7, 5, 0, 6, 4, 1 = 13
2, 8, 3, 7, 0, 5, 6, 4, 1 = 12
2, 8, 3, 7, 4, 5, 6, 0, 1 = 11
2, 8, 3, 7, 4, 5, 6, 1, 0 = 10
2, 8, 3, 7, 4, 0, 6, 1, 5 = 9
2, 8, 3, 7, 0, 4, 6, 1, 5 = 8
2, 8, 3, 7, 1, 4, 6, 0, 5 = 7
2, 8, 3, 7, 1, 4, 0, 6, 5 = 6
2, 8, 3, 0, 1, 4, 7, 6, 5 = 5
2, 8, 3, 1, 0, 4, 7, 6, 5 = 4
2, 0, 3, 1, 8, 4, 7, 6, 5 = 3
0, 2, 3, 1, 8, 4, 7, 6, 5 = 2
1, 2, 3, 0, 8, 4, 7, 6, 5 = 1
1, 2, 3, 8, 0, 4, 7, 6, 5 = 0
1, 0, 4, 8, 3, 2, 7, 6, 5 = 5
1, 3, 4, 8, 0, 2, 7, 6, 5 = 4
1, 3, 4, 8, 2, 0, 7, 6, 5 = 3
1, 3, 0, 8, 2, 4, 7, 6, 5 = 2
1, 0, 3, 8, 2, 4, 7, 6, 5 = 1
1, 2, 3, 8, 0, 4, 7, 6, 5 = 0
1, 3, 4, 0, 8, 2, 7, 6, 5 = 5
1, 3, 4, 8, 0, 2, 7, 6, 5 = 4
1, 3, 4, 8, 2, 0, 7, 6, 5 = 3
1, 3, 0, 8, 2, 4, 7, 6, 5 = 2
1, 0, 3, 8, 2, 4, 7, 6, 5 = 1
1, 2, 3, 8, 0, 4, 7, 6, 5 = 0
0, 4, 8, 2, 3, 5, 7, 6, 1 = 18
2, 4, 8, 0, 3, 5, 7, 6, 1 = 17
2, 4, 8, 7, 3, 5, 0, 6, 1 = 16
2, 4, 8, 7, 3, 5, 6, 0, 1 = 15
2, 4, 8, 7, 3, 5, 6, 1, 0 = 14
2, 4, 8, 7, 3, 0, 6, 1, 5 = 13
2, 4, 8, 7, 0, 3, 6, 1, 5 = 12
2, 4, 8, 7, 1, 3, 6, 0, 5 = 11
2, 4, 8, 7, 1, 3, 0, 6, 5 = 10
2, 4, 8, 0, 1, 3, 7, 6, 5 = 9
2, 4, 8, 1, 0, 3, 7, 6, 5 = 8
2, 0, 8, 1, 4, 3, 7, 6, 5 = 7
2, 8, 0, 1, 4, 3, 7, 6, 5 = 6
2, 8, 3, 1, 4, 0, 7, 6, 5 = 5
2, 8, 3, 1, 0, 4, 7, 6, 5 = 4
2, 0, 3, 1, 8, 4, 7, 6, 5 = 3
0, 2, 3, 1, 8, 4, 7, 6, 5 = 2
1, 2, 3, 0, 8, 4, 7, 6, 5 = 1
1, 2, 3, 8, 0, 4, 7, 6, 5 = 0
1, 3, 0, 8, 2, 4, 7, 6, 5 = 2
1, 0, 3, 8, 2, 4, 7, 6, 5 = 1
1, 2, 3, 8, 0, 4, 7, 6, 5 = 0
0, 1, 3, 8, 7, 2, 6, 5, 4 = 10
8, 1, 3, 0, 7, 2, 6, 5, 4 = 9
8, 1, 3, 7, 0, 2, 6, 5, 4 = 8
8, 1, 3, 7, 2, 0, 6, 5, 4 = 7
8, 1, 3, 7, 2, 4, 6, 5, 0 = 6
8, 1, 3, 7, 2, 4, 6, 0, 5 = 5
8, 1, 3, 7, 2, 4, 0, 6, 5 = 4
8, 1, 3, 0, 2, 4, 7, 6, 5 = 3
0, 1, 3, 8, 2, 4, 7, 6, 5 = 2
1, 0, 3, 8, 2, 4, 7, 6, 5 = 1
1, 2, 3, 8, 0, 4, 7, 6, 5 = 0
2, 3, 4, 0, 1, 5, 7, 8, 6 = 9
2, 3, 4, 1, 0, 5, 7, 8, 6 = 8
2, 3, 4, 1, 8, 5, 7, 0, 6 = 7
2, 3, 4, 1, 8, 5, 7, 6, 0 = 6
2, 3, 4, 1, 8, 0, 7, 6, 5 = 5
2, 3, 0, 1, 8, 4, 7, 6, 5 = 4
2, 0, 3, 1, 8, 4, 7, 6, 5 = 3
0, 2, 3, 1, 8, 4, 7, 6, 5 = 2
1, 2, 3, 0, 8, 4, 7, 6, 5 = 1
1, 2, 3, 8, 0, 4, 7, 6, 5 = 0
8, 1, 2, 5, 3, 6, 7, 4, 0 = 12
8, 1, 2, 5, 3, 0, 7, 4, 6 = 11
8, 1, 2, 5, 0, 3, 7, 4, 6 = 10
8, 1, 2, 0, 5, 3, 7, 4, 6 = 9
0, 1, 2, 8, 5, 3, 7, 4, 6 = 8
1, 0, 2, 8, 5, 3, 7, 4, 6 = 7
1, 2, 0, 8, 5, 3, 7, 4, 6 = 6
1, 2, 3, 8, 5, 0, 7, 4, 6 = 5
1, 2, 3, 8, 0, 5, 7, 4, 6 = 4
1, 2, 3, 8, 4, 5, 7, 0, 6 = 3
1, 2, 3, 8, 4, 5, 7, 6, 0 = 2
1, 2, 3, 8, 4, 0, 7, 6, 5 = 1
1, 2, 3, 8, 0, 4, 7, 6, 5 = 0
7, 1, 3, 2, 8, 4, 6, 0, 5 = 9
7, 1, 3, 2, 0, 4, 6, 8, 5 = 8
7, 1, 3, 0, 2, 4, 6, 8, 5 = 7
0, 1, 3, 7, 2, 4, 6, 8, 5 = 6
1, 0, 3, 7, 2, 4, 6, 8, 5 = 5
1, 2, 3, 7, 0, 4, 6, 8, 5 = 4
1, 2, 3, 7, 8, 4, 6, 0, 5 = 3
1, 2, 3, 7, 8, 4, 0, 6, 5 = 2
1, 2, 3, 0, 8, 4, 7, 6, 5 = 1
1, 2, 3, 8, 0, 4, 7, 6, 5 = 0
6, 1, 2, 5, 0, 3, 8, 4, 7 = 14
6, 1, 2, 0, 5, 3, 8, 4, 7 = 13
0, 1, 2, 6, 5, 3, 8, 4, 7 = 12
1, 0, 2, 6, 5, 3, 8, 4, 7 = 11
1, 2, 0, 6, 5, 3, 8, 4, 7 = 10
1, 2, 3, 6, 5, 0, 8, 4, 7 = 9
1, 2, 3, 6, 0, 5, 8, 4, 7 = 8
1, 2, 3, 6, 4, 5, 8, 0, 7 = 7
1, 2, 3, 6, 4, 5, 8, 7, 0 = 6
1, 2, 3, 6, 4, 0, 8, 7, 5 = 5
1, 2, 3, 6, 0, 4, 8, 7, 5 = 4
1, 2, 3, 0, 6, 4, 8, 7, 5 = 3
1, 2, 3, 8, 6, 4, 0, 7, 5 = 2
1, 2, 3, 8, 6, 4, 7, 0, 5 = 1
1, 2, 3, 8, 0, 4, 7, 6, 5 = 0
1, 3, 4, 8, 6, 2, 7, 0, 5 = 5
1, 3, 4, 8, 0, 2, 7, 6, 5 = 4
1, 3, 4, 8, 2, 0, 7, 6, 5 = 3
1, 3, 0, 8, 2, 4, 7, 6, 5 = 2
1, 0, 3, 8, 2, 4, 7, 6, 5 = 1
1, 2, 3, 8, 0, 4, 7, 6, 5 = 0
0, 2, 3, 1, 4, 5, 8, 7, 6 = 6
1, 2, 3, 0, 4, 5, 8, 7, 6 = 5
1, 2, 3, 8, 4, 5, 0, 7, 6 = 4
1, 2, 3, 8, 4, 5, 7, 0, 6 = 3
1, 2, 3, 8, 4, 5, 7, 6, 0 = 2
1, 2, 3, 8, 4, 0, 7, 6, 5 = 1
1, 2, 3, 8, 0, 4, 7, 6, 5 = 0
